The probability labels are:
[[0.7877297  0.21227032]
 [0.9859308  0.01406923]
 [0.05190853 0.94809145]
 [0.96004057 0.03995937]
 [0.8029505  0.19704951]
 [0.77297205 0.22702791]
 [0.7087399  0.29126015]
 [0.0512233  0.94877666]
 [0.3853558  0.6146442 ]
 [0.9372266  0.06277341]
 [0.03540366 0.96459633]
 [0.88825476 0.11174518]
 [0.9905877  0.0094123 ]
 [0.5352073  0.46479273]
 [0.27297634 0.7270236 ]
 [0.96332043 0.03667957]
 [0.9866479  0.0133521 ]
 [0.8771797  0.12282027]
 [0.93350315 0.06649681]
 [0.96606255 0.03393748]
 [0.36871377 0.6312862 ]
 [0.46524453 0.53475547]
 [0.9423328  0.05766719]
 [0.8948476  0.10515241]
 [0.9626103  0.03738967]
 [0.829362   0.17063802]
 [0.8398765  0.16012353]
 [0.87042195 0.12957801]
 [0.64191806 0.35808197]
 [0.99308044 0.00691954]
 [0.3369071  0.6630929 ]
 [0.42278916 0.5772108 ]
 [0.9393767  0.06062327]
 [0.92489946 0.07510056]
 [0.84463507 0.15536495]
 [0.17696555 0.8230344 ]
 [0.9920934  0.00790655]
 [0.96037006 0.03962991]
 [0.86508006 0.13491991]
 [0.7406628  0.2593372 ]
 [0.8347441  0.16525589]
 [0.2932102  0.7067898 ]
 [0.02408554 0.9759144 ]
 [0.25201067 0.74798936]
 [0.9317494  0.06825058]
 [0.6188561  0.38114387]
 [0.16775279 0.8322472 ]
 [0.9422436  0.05775647]
 [0.9974389  0.00256103]
 [0.3864072  0.6135928 ]
 [0.09786378 0.9021362 ]
 [0.9165322  0.08346781]
 [0.41759202 0.582408  ]
 [0.96334857 0.03665141]
 [0.9577335  0.04226645]
 [0.8054298  0.19457017]
 [0.8921469  0.10785317]
 [0.43800402 0.561996  ]
 [0.02210822 0.9778918 ]
 [0.7543733  0.2456267 ]
 [0.95641524 0.04358477]
 [0.94256234 0.05743765]
 [0.93758386 0.06241615]
 [0.95555097 0.04444901]
 [0.29436404 0.70563596]
 [0.9064396  0.09356044]
 [0.9824552  0.01754485]
 [0.97521317 0.0247868 ]
 [0.75981504 0.24018496]
 [0.7098322  0.2901678 ]
 [0.9843068  0.01569317]
 [0.98201925 0.01798074]
 [0.9860153  0.01398474]
 [0.32380077 0.67619926]
 [0.9889614  0.01103862]
 [0.9144478  0.08555225]
 [0.12996405 0.87003595]
 [0.15087306 0.84912694]
 [0.99445564 0.00554434]
 [0.38930398 0.610696  ]
 [0.916241   0.08375899]
 [0.90447193 0.09552813]
 [0.979395   0.02060501]
 [0.6990051  0.30099484]
 [0.10622828 0.8937717 ]
 [0.13775827 0.8622417 ]
 [0.15302064 0.8469794 ]
 [0.80942124 0.19057876]
 [0.96742743 0.03257251]
 [0.26306295 0.7369371 ]
 [0.9411636  0.05883644]
 [0.8947598  0.10524023]
 [0.49680746 0.50319254]
 [0.8704793  0.1295207 ]
 [0.14701189 0.85298806]
 [0.55534565 0.4446544 ]
 [0.92257744 0.07742256]
 [0.20849568 0.7915043 ]
 [0.86914545 0.13085449]
 [0.98137164 0.01862828]
 [0.76275826 0.23724169]
 [0.35790744 0.6420926 ]
 [0.9393723  0.06062768]
 [0.9340929  0.0659071 ]
 [0.9510418  0.04895823]
 [0.94579184 0.05420813]
 [0.89675444 0.10324558]
 [0.4293243  0.57067573]
 [0.57836485 0.42163518]
 [0.89253765 0.10746239]
 [0.94588685 0.05411315]
 [0.9598626  0.04013735]
 [0.858282   0.14171803]
 [0.78668946 0.21331058]
 [0.94775385 0.05224614]
 [0.90362144 0.09637858]
 [0.9567406  0.04325934]
 [0.773768   0.22623195]
 [0.917297   0.08270297]
 [0.9616017  0.03839833]
 [0.98509884 0.01490117]
 [0.91195005 0.08804992]
 [0.3028949  0.6971051 ]
 [0.9748096  0.0251904 ]
 [0.96597266 0.03402729]
 [0.93793887 0.06206113]
 [0.92759216 0.0724079 ]
 [0.7618213  0.23817873]
 [0.5224862  0.47751382]
 [0.11874946 0.88125056]
 [0.5407607  0.45923927]
 [0.9530618  0.04693824]
 [0.7855789  0.21442105]
 [0.16836539 0.8316346 ]
 [0.96518975 0.03481029]
 [0.9929229  0.0070771 ]
 [0.6862552  0.3137448 ]
 [0.2951461  0.7048539 ]
 [0.9566383  0.04336175]
 [0.83741707 0.16258287]
 [0.9249876  0.07501245]
 [0.943975   0.056025  ]
 [0.94231313 0.05768688]
 [0.97194165 0.02805836]
 [0.86534816 0.13465188]
 [0.5087386  0.49126142]
 [0.92625266 0.07374732]
 [0.9164768  0.08352322]
 [0.99034405 0.00965599]
 [0.8921227  0.10787737]
 [0.9329329  0.06706712]
 [0.7008113  0.29918864]
 [0.94231373 0.05768626]
 [0.9811205  0.01887951]
 [0.9493786  0.05062137]
 [0.67171395 0.32828605]
 [0.92990696 0.07009305]
 [0.9737921  0.02620789]
 [0.85683495 0.14316508]
 [0.9367034  0.0632966 ]
 [0.7690535  0.23094647]
 [0.9842509  0.01574907]
 [0.9625766  0.03742334]
 [0.14584963 0.85415035]
 [0.8103564  0.1896437 ]
 [0.9629468  0.0370532 ]
 [0.22129157 0.77870846]
 [0.9816467  0.0183533 ]
 [0.7349675  0.26503247]
 [0.99218446 0.00781552]
 [0.53656363 0.4634364 ]
 [0.51496273 0.48503727]
 [0.79735464 0.20264533]
 [0.8318709  0.16812904]
 [0.7588704  0.24112958]
 [0.9175353  0.08246466]
 [0.8419107  0.15808932]
 [0.87647057 0.12352937]
 [0.90134406 0.09865592]
 [0.8270034  0.17299664]
 [0.92028815 0.07971178]
 [0.04692975 0.9530703 ]
 [0.51792306 0.48207694]
 [0.68265045 0.31734952]
 [0.5402504  0.45974958]
 [0.76900613 0.23099382]
 [0.91733605 0.08266392]
 [0.8323619  0.16763817]
 [0.17263693 0.8273631 ]
 [0.9048467  0.09515329]
 [0.99304044 0.00695948]
 [0.6598735  0.3401265 ]
 [0.9191048  0.08089519]
 [0.8280618  0.17193818]
 [0.44619524 0.55380476]
 [0.37147108 0.62852895]
 [0.8016027  0.19839726]
 [0.8934814  0.10651858]
 [0.7362963  0.26370373]
 [0.84553826 0.15446171]
 [0.7596533  0.2403467 ]
 [0.93032235 0.06967765]
 [0.83270067 0.1672994 ]
 [0.81293    0.18707001]
 [0.652639   0.34736106]
 [0.793378   0.20662194]
 [0.81672496 0.18327503]
 [0.9328057  0.06719434]
 [0.83176994 0.16823006]
 [0.4189437  0.58105624]
 [0.89508915 0.10491087]
 [0.85307205 0.14692795]
 [0.6964436  0.30355638]
 [0.6731109  0.32688913]
 [0.9209875  0.0790126 ]
 [0.49987453 0.5001255 ]
 [0.10163041 0.8983696 ]
 [0.8604077  0.13959225]
 [0.88959104 0.11040894]
 [0.44998276 0.55001724]
 [0.56088215 0.43911785]
 [0.8433049  0.1566952 ]
 [0.9909862  0.00901379]
 [0.4953733  0.5046267 ]
 [0.6676426  0.3323574 ]
 [0.9350533  0.06494676]
 [0.7459676  0.25403237]
 [0.87141937 0.1285806 ]
 [0.9558956  0.04410437]
 [0.8388808  0.1611192 ]
 [0.9359221  0.0640779 ]
 [0.77013904 0.22986092]
 [0.6745205  0.32547954]
 [0.53117645 0.46882355]
 [0.9052291  0.09477083]
 [0.9677459  0.03225407]
 [0.88348866 0.11651134]
 [0.7920575  0.20794252]
 [0.75157213 0.24842782]
 [0.80317485 0.19682516]
 [0.85138    0.14861998]
 [0.9742133  0.02578665]
 [0.9001511  0.09984895]
 [0.76616156 0.23383845]
 [0.92764455 0.07235546]
 [0.85463834 0.14536162]
 [0.97036743 0.02963262]
 [0.45848715 0.54151285]
 [0.9556511  0.04434883]
 [0.90334266 0.09665737]
 [0.22527364 0.77472633]
 [0.50830466 0.4916953 ]
 [0.8826215  0.11737844]
 [0.6349515  0.36504856]
 [0.8308453  0.16915469]
 [0.6376458  0.36235416]
 [0.9941659  0.00583407]
 [0.78952086 0.21047913]
 [0.46641892 0.53358114]
 [0.6164457  0.38355425]
 [0.6941533  0.3058467 ]]