The probability labels are:
[[0.99611145 0.00388853]
 [0.99762964 0.00237033]
 [0.99655426 0.0034458 ]
 [0.99662125 0.00337871]
 [0.9963258  0.0036742 ]
 [0.9963431  0.00365692]
 [0.9971535  0.00284649]
 [0.9950394  0.00496063]
 [0.9966618  0.00333823]
 [0.99676704 0.00323302]
 [0.99567187 0.00432811]
 [0.99552566 0.00447429]
 [0.99720937 0.00279067]
 [0.99675876 0.00324121]
 [0.99634117 0.00365881]
 [0.9959241  0.00407595]
 [0.9968136  0.00318638]
 [0.99724567 0.00275435]
 [0.99688834 0.00311169]
 [0.9974382  0.00256183]
 [0.99562585 0.00437411]
 [0.99668187 0.00331814]
 [0.99667144 0.00332848]
 [0.996335   0.00366498]
 [0.996691   0.00330902]
 [0.99688524 0.00311471]
 [0.995355   0.00464503]
 [0.99722904 0.00277098]
 [0.99603784 0.00396213]
 [0.9976457  0.0023543 ]
 [0.99669766 0.00330236]
 [0.99606967 0.00393031]
 [0.9958579  0.00414215]
 [0.99704343 0.00295658]
 [0.9953317  0.00466831]
 [0.99640155 0.0035984 ]
 [0.9976246  0.00237546]
 [0.9961964  0.0038036 ]
 [0.99606675 0.00393333]
 [0.99643266 0.00356728]
 [0.99655473 0.00344531]
 [0.9971215  0.00287841]
 [0.9961992  0.00380085]
 [0.99709964 0.00290036]
 [0.99722964 0.00277031]
 [0.9964715  0.00352851]
 [0.9964006  0.0035994 ]
 [0.9958157  0.00418428]
 [0.9970517  0.00294831]
 [0.995726   0.00427403]
 [0.9960328  0.00396727]
 [0.99734336 0.00265671]
 [0.9967559  0.00324412]
 [0.99692243 0.0030775 ]
 [0.99597305 0.00402698]
 [0.99709225 0.00290772]
 [0.99538076 0.0046192 ]
 [0.99675816 0.00324186]
 [0.995401   0.00459891]
 [0.9969548  0.00304524]
 [0.9970836  0.00291643]
 [0.99588335 0.00411672]
 [0.9962398  0.00376015]
 [0.99642426 0.00357573]
 [0.99680316 0.00319684]
 [0.99677867 0.00322139]
 [0.9964071  0.00359288]
 [0.9972748  0.00272523]
 [0.99714154 0.0028584 ]
 [0.99704117 0.00295881]
 [0.9967674  0.00323265]
 [0.9974607  0.00253926]
 [0.9971215  0.00287849]
 [0.9956986  0.00430147]
 [0.99732816 0.00267183]
 [0.9975333  0.0024666 ]
 [0.99491936 0.00508061]
 [0.9969501  0.00304999]
 [0.99678636 0.0032137 ]
 [0.9957094  0.00429063]
 [0.99741983 0.00258017]
 [0.9969548  0.00304526]
 [0.9959216  0.00407838]
 [0.99577194 0.00422802]
 [0.99564844 0.00435158]
 [0.99651414 0.00348586]
 [0.9967378  0.00326227]
 [0.99712014 0.00287986]
 [0.9964658  0.00353418]
 [0.99689144 0.00310856]
 [0.9961867  0.00381337]
 [0.99697435 0.0030256 ]
 [0.9957949  0.00420507]
 [0.99711347 0.00288647]
 [0.99628985 0.00371022]
 [0.99611    0.00389004]
 [0.9968832  0.00311673]
 [0.9967397  0.00326035]
 [0.996979   0.00302108]
 [0.9976453  0.00235472]
 [0.99640673 0.0035932 ]
 [0.9961331  0.00386688]
 [0.9970493  0.00295074]
 [0.9956453  0.00435472]
 [0.9971551  0.0028449 ]
 [0.9974529  0.0025471 ]
 [0.9974483  0.00255174]
 [0.99602157 0.0039785 ]
 [0.9963182  0.00368173]
 [0.9974796  0.0025204 ]
 [0.9968412  0.00315886]
 [0.9973507  0.00264925]
 [0.9970215  0.00297847]
 [0.99562293 0.00437708]
 [0.99679786 0.00320222]
 [0.99674666 0.00325337]
 [0.99648654 0.00351345]
 [0.9966968  0.00330324]
 [0.99622935 0.00377067]
 [0.99650025 0.00349975]
 [0.99763787 0.00236215]
 [0.9969502  0.0030498 ]
 [0.9956649  0.00433516]
 [0.9960251  0.00397491]
 [0.9969433  0.00305665]
 [0.99631965 0.00368033]
 [0.99681264 0.00318741]
 [0.99685353 0.00314643]
 [0.9950335  0.00496646]
 [0.9964904  0.0035096 ]
 [0.9974166  0.00258341]
 [0.99750715 0.00249292]
 [0.9952583  0.00474173]
 [0.9957391  0.00426092]
 [0.99654347 0.00345647]
 [0.9974956  0.00250433]
 [0.9968746  0.00312535]
 [0.996639   0.00336097]
 [0.9966074  0.00339259]
 [0.99636286 0.00363716]
 [0.9962723  0.00372768]
 [0.9966073  0.00339273]
 [0.99737597 0.00262407]
 [0.99745077 0.00254918]
 [0.99581426 0.00418568]
 [0.9953294  0.00467065]
 [0.9973551  0.00264488]
 [0.9961281  0.00387194]
 [0.99698275 0.00301719]
 [0.9962799  0.00372008]
 [0.99707794 0.00292205]
 [0.9974892  0.00251082]
 [0.9961134  0.00388651]
 [0.99647266 0.00352727]
 [0.9967644  0.00323558]
 [0.99666756 0.00333247]
 [0.99727565 0.00272431]
 [0.9974819  0.0025181 ]
 [0.9961014  0.00389866]
 [0.99577266 0.00422735]
 [0.9962668  0.00373327]
 [0.99747735 0.00252259]
 [0.99709356 0.00290647]
 [0.9961236  0.00387633]
 [0.99648225 0.00351767]
 [0.9964796  0.00352045]
 [0.9958901  0.00410996]
 [0.9972807  0.00271925]
 [0.99694175 0.00305819]
 [0.9971596  0.00284045]
 [0.99663675 0.0033632 ]
 [0.99596065 0.00403936]
 [0.9966943  0.00330566]
 [0.99633265 0.00366732]
 [0.99510175 0.00489824]
 [0.9970591  0.00294088]
 [0.9961825  0.00381745]
 [0.99695194 0.00304804]
 [0.99620974 0.00379021]
 [0.99574935 0.00425066]
 [0.99679947 0.00320052]
 [0.9962484  0.00375154]
 [0.99585104 0.00414899]
 [0.99544156 0.00455841]
 [0.9942637  0.00573632]
 [0.9948061  0.0051939 ]
 [0.9962257  0.00377431]
 [0.9945451  0.00545491]
 [0.99369943 0.0063006 ]
 [0.99505347 0.00494654]
 [0.9968431  0.00315688]
 [0.99707377 0.00292624]
 [0.99681854 0.0031814 ]
 [0.9965893  0.00341069]
 [0.99509877 0.00490118]
 [0.99429226 0.00570776]
 [0.9954888  0.00451115]
 [0.9963779  0.00362212]
 [0.9951001  0.00489989]
 [0.99448746 0.00551259]
 [0.99389726 0.00610277]
 [0.9950658  0.00493418]
 [0.99625266 0.00374729]
 [0.99557    0.00442997]
 [0.99545586 0.00454414]
 [0.99679583 0.00320416]
 [0.99708    0.0029199 ]
 [0.99550134 0.00449867]
 [0.9967282  0.00327183]
 [0.9953719  0.00462814]
 [0.99567324 0.0043267 ]
 [0.9945909  0.00540919]
 [0.99439454 0.00560542]
 [0.99495256 0.00504748]
 [0.9969643  0.00303572]
 [0.99680364 0.00319636]
 [0.9954007  0.00459934]
 [0.99615943 0.00384053]
 [0.9972089  0.00279112]
 [0.99512285 0.00487712]
 [0.9967539  0.00324607]
 [0.99692684 0.00307321]
 [0.9962352  0.00376477]
 [0.9965244  0.00347558]
 [0.9957195  0.00428055]
 [0.99665976 0.00334025]
 [0.9962877  0.00371225]
 [0.9965339  0.00346608]
 [0.99594647 0.00405359]
 [0.9963068  0.00369322]
 [0.9968579  0.00314215]
 [0.9956038  0.00439625]
 [0.9953584  0.00464155]
 [0.99507326 0.00492669]
 [0.9941743  0.00582573]
 [0.99663615 0.00336384]
 [0.99611425 0.00388573]
 [0.99629104 0.00370899]
 [0.9957384  0.00426157]
 [0.99672866 0.00327135]
 [0.99566215 0.00433782]
 [0.9971078  0.00289217]
 [0.9963277  0.00367229]
 [0.99531907 0.00468095]
 [0.9965125  0.00348753]
 [0.9962327  0.00376731]
 [0.99683386 0.00316613]
 [0.9968131  0.00318691]
 [0.9972435  0.00275648]
 [0.99613935 0.00386061]
 [0.99667954 0.00332042]
 [0.9941233  0.00587676]
 [0.9938285  0.00617147]
 [0.9965642  0.00343586]
 [0.99572206 0.00427792]
 [0.9961914  0.00380865]
 [0.9966845  0.00331554]
 [0.99534756 0.0046524 ]
 [0.994839   0.00516094]
 [0.9953347  0.00466535]
 [0.9949575  0.00504251]]