The probability labels are:
[[9.99836206e-01 1.63733785e-04]
 [1.00000000e+00 2.00983097e-09]
 [9.91338491e-01 8.66152067e-03]
 [9.99929786e-01 7.01802783e-05]
 [9.99978781e-01 2.12340365e-05]
 [9.95742023e-01 4.25800448e-03]
 [9.99957561e-01 4.24384489e-05]
 [7.03568533e-02 9.29643154e-01]
 [1.14385776e-01 8.85614216e-01]
 [9.99994516e-01 5.52686333e-06]
 [8.18456352e-01 1.81543663e-01]
 [9.98022079e-01 1.97798875e-03]
 [9.99999881e-01 1.35840963e-07]
 [9.98884380e-01 1.11565820e-03]
 [7.77956903e-01 2.22043082e-01]
 [9.99999285e-01 7.04681781e-07]
 [1.00000000e+00 5.12768494e-09]
 [9.99936700e-01 6.33177115e-05]
 [9.99985099e-01 1.48650934e-05]
 [1.00000000e+00 7.42213135e-09]
 [2.50739992e-01 7.49260008e-01]
 [9.99085903e-01 9.14114062e-04]
 [9.99998331e-01 1.69711507e-06]
 [9.99943018e-01 5.69787226e-05]
 [1.00000000e+00 1.37455980e-09]
 [9.97885168e-01 2.11477233e-03]
 [9.99609649e-01 3.90346831e-04]
 [1.00000000e+00 2.01923829e-08]
 [9.90047693e-01 9.95224807e-03]
 [1.00000000e+00 1.72893644e-11]
 [9.97830451e-01 2.16958974e-03]
 [6.94881856e-01 3.05118114e-01]
 [9.99935627e-01 6.43815220e-05]
 [9.99936819e-01 6.31723597e-05]
 [9.84117866e-01 1.58821214e-02]
 [9.96958494e-01 3.04156472e-03]
 [1.00000000e+00 2.71773026e-09]
 [9.99999523e-01 5.04939408e-07]
 [9.92275417e-01 7.72453612e-03]
 [6.49615049e-01 3.50384921e-01]
 [9.99632120e-01 3.67875764e-04]
 [9.87632871e-01 1.23671647e-02]
 [6.98366344e-01 3.01633656e-01]
 [9.73272681e-01 2.67272722e-02]
 [9.99999642e-01 3.65653619e-07]
 [9.89507139e-01 1.04928631e-02]
 [7.31941283e-01 2.68058747e-01]
 [9.99997258e-01 2.74674881e-06]
 [1.00000000e+00 3.40229646e-12]
 [8.74492705e-01 1.25507295e-01]
 [5.33843398e-01 4.66156572e-01]
 [9.99999881e-01 6.06610584e-08]
 [9.44934845e-01 5.50651215e-02]
 [9.99841928e-01 1.58061855e-04]
 [9.99911427e-01 8.85096306e-05]
 [9.99998093e-01 1.90331923e-06]
 [9.99984145e-01 1.57951781e-05]
 [9.93698955e-01 6.30099839e-03]
 [1.52737007e-03 9.98472631e-01]
 [9.96767044e-01 3.23290401e-03]
 [9.99999762e-01 2.83622768e-07]
 [9.99996305e-01 3.72929844e-06]
 [9.99956846e-01 4.31910012e-05]
 [9.99996185e-01 3.83575025e-06]
 [9.97505724e-01 2.49433517e-03]
 [9.99882460e-01 1.17579890e-04]
 [9.99955058e-01 4.48904320e-05]
 [9.99998093e-01 1.93462006e-06]
 [9.99903917e-01 9.61306505e-05]
 [9.99912620e-01 8.73196186e-05]
 [1.00000000e+00 3.65242125e-09]
 [1.00000000e+00 1.65478142e-09]
 [9.99997258e-01 2.73939781e-06]
 [2.86459178e-01 7.13540792e-01]
 [1.00000000e+00 9.44586853e-10]
 [9.99999523e-01 4.33422571e-07]
 [2.07363710e-01 7.92636335e-01]
 [5.16376555e-01 4.83623475e-01]
 [1.00000000e+00 2.10706744e-10]
 [8.33390176e-01 1.66609854e-01]
 [9.99998927e-01 1.05862637e-06]
 [9.99781549e-01 2.18406916e-04]
 [9.99997735e-01 2.29716306e-06]
 [9.89722192e-01 1.02778384e-02]
 [5.49101591e-01 4.50898409e-01]
 [9.61803079e-01 3.81968543e-02]
 [9.65520799e-01 3.44791897e-02]
 [9.99966860e-01 3.30903895e-05]
 [1.00000000e+00 9.98242156e-10]
 [1.40191823e-01 8.59808147e-01]
 [9.99896407e-01 1.03582031e-04]
 [9.99961138e-01 3.88193293e-05]
 [9.39667881e-01 6.03321046e-02]
 [9.99761999e-01 2.37992630e-04]
 [4.94516194e-02 9.50548351e-01]
 [6.89536810e-01 3.10463130e-01]
 [9.99999881e-01 1.02001906e-07]
 [6.52837992e-01 3.47161949e-01]
 [9.99999642e-01 3.90214097e-07]
 [1.00000000e+00 1.94456291e-11]
 [9.94806826e-01 5.19324187e-03]
 [5.36041558e-02 9.46395874e-01]
 [9.99997139e-01 2.83674080e-06]
 [9.99994040e-01 5.93269760e-06]
 [1.00000000e+00 1.40069316e-08]
 [1.00000000e+00 2.17140244e-08]
 [1.00000000e+00 1.74087820e-08]
 [6.83924556e-01 3.16075444e-01]
 [9.97369170e-01 2.63079046e-03]
 [9.99999762e-01 2.69591425e-07]
 [1.00000000e+00 1.53021915e-08]
 [1.00000000e+00 2.46527048e-08]
 [9.99904990e-01 9.49767345e-05]
 [9.98952866e-01 1.04708376e-03]
 [9.99998569e-01 1.39871429e-06]
 [9.99899864e-01 1.00069534e-04]
 [1.00000000e+00 1.89215079e-08]
 [9.99326944e-01 6.73102622e-04]
 [9.99310017e-01 6.90028421e-04]
 [9.99999046e-01 9.68446670e-07]
 [1.00000000e+00 1.85314524e-11]
 [9.99983430e-01 1.65170677e-05]
 [1.00679331e-01 8.99320662e-01]
 [1.00000000e+00 7.80033016e-09]
 [9.99999642e-01 3.05581182e-07]
 [9.99975681e-01 2.43624509e-05]
 [9.99984860e-01 1.50815958e-05]
 [9.98559654e-01 1.44032144e-03]
 [5.36957920e-01 4.63042110e-01]
 [2.77214348e-01 7.22785711e-01]
 [9.80498195e-01 1.95018388e-02]
 [1.00000000e+00 6.69715339e-10]
 [9.96165872e-01 3.83413141e-03]
 [6.66319728e-02 9.33368027e-01]
 [9.99999881e-01 1.05696436e-07]
 [1.00000000e+00 3.61256381e-12]
 [9.97969806e-01 2.03020917e-03]
 [4.18136120e-01 5.81863880e-01]
 [9.99999404e-01 5.91352659e-07]
 [9.75925565e-01 2.40745135e-02]
 [9.99365389e-01 6.34625729e-04]
 [9.99999404e-01 6.12785584e-07]
 [9.99999881e-01 6.96346589e-08]
 [1.00000000e+00 1.66631653e-09]
 [9.86713290e-01 1.32866716e-02]
 [3.54644954e-01 6.45355105e-01]
 [9.99998927e-01 1.04898254e-06]
 [9.99981761e-01 1.82426029e-05]
 [1.00000000e+00 1.80132353e-08]
 [9.99999881e-01 1.12571655e-07]
 [9.99942422e-01 5.75873128e-05]
 [9.99978304e-01 2.17188881e-05]
 [9.99967694e-01 3.22969463e-05]
 [9.99999642e-01 3.77765815e-07]
 [9.99999881e-01 1.02068462e-07]
 [9.72603261e-01 2.73967758e-02]
 [9.99876022e-01 1.23957332e-04]
 [1.00000000e+00 2.08136269e-11]
 [9.99998808e-01 1.16205490e-06]
 [9.99998331e-01 1.65633810e-06]
 [9.65129793e-01 3.48701999e-02]
 [1.00000000e+00 3.76079345e-09]
 [1.00000000e+00 9.11670461e-10]
 [1.63469985e-02 9.83653069e-01]
 [9.73961532e-01 2.60384995e-02]
 [9.99999762e-01 2.07973756e-07]
 [2.43048564e-01 7.56951451e-01]
 [1.00000000e+00 3.32783436e-08]
 [9.99999642e-01 3.23994414e-07]
 [1.00000000e+00 4.77509943e-09]
 [9.85682189e-01 1.43178254e-02]
 [7.25451946e-01 2.74548113e-01]
 [9.90289092e-01 9.71094798e-03]
 [9.61804390e-01 3.81955765e-02]
 [9.63077366e-01 3.69226113e-02]
 [1.00000000e+00 6.18819510e-11]
 [9.96188462e-01 3.81160318e-03]
 [1.00000000e+00 6.10551121e-09]
 [9.99959588e-01 4.04595448e-05]
 [9.95333254e-01 4.66672797e-03]
 [9.99996424e-01 3.62013566e-06]
 [7.32736051e-01 2.67263919e-01]
 [9.56271648e-01 4.37283218e-02]
 [9.34234142e-01 6.57658428e-02]
 [7.90158659e-02 9.20984149e-01]
 [9.99573648e-01 4.26379556e-04]
 [9.99990344e-01 9.65910567e-06]
 [6.86793745e-01 3.13206285e-01]
 [4.26538289e-04 9.99573410e-01]
 [9.95405555e-01 4.59446758e-03]
 [1.00000000e+00 1.90722924e-10]
 [9.99998808e-01 1.18195089e-06]
 [9.99999523e-01 4.95185702e-07]
 [9.99995708e-01 4.27045143e-06]
 [1.87739566e-01 8.12260389e-01]
 [2.10928902e-01 7.89071023e-01]
 [9.96589184e-01 3.41076986e-03]
 [9.99998331e-01 1.64739492e-06]
 [9.99536037e-01 4.63998033e-04]
 [8.74372840e-01 1.25627130e-01]
 [7.76229948e-02 9.22376990e-01]
 [9.71319437e-01 2.86805667e-02]
 [9.99945521e-01 5.45250768e-05]
 [9.99979854e-01 2.00937884e-05]
 [8.51810217e-01 1.48189858e-01]
 [9.99998450e-01 1.56918748e-06]
 [9.99999881e-01 7.86284673e-08]
 [9.98724282e-01 1.27568888e-03]
 [9.99997616e-01 2.41848875e-06]
 [8.01650763e-01 1.98349312e-01]
 [9.99986053e-01 1.39716694e-05]
 [9.59516644e-01 4.04832996e-02]
 [5.38009644e-01 4.61990356e-01]
 [8.44132662e-01 1.55867338e-01]
 [9.99997258e-01 2.70021610e-06]
 [9.95107412e-01 4.89262724e-03]
 [3.58865806e-03 9.96411383e-01]
 [9.99457061e-01 5.42974973e-04]
 [1.00000000e+00 4.68273809e-10]
 [2.24590413e-02 9.77540910e-01]
 [9.11416173e-01 8.85837749e-02]
 [9.99999881e-01 1.42487380e-07]
 [1.00000000e+00 3.36706019e-09]
 [9.99670386e-01 3.29655799e-04]
 [9.94783700e-01 5.21629676e-03]
 [9.99992490e-01 7.46539672e-06]
 [9.99883175e-01 1.16805350e-04]
 [9.99994040e-01 5.93573668e-06]
 [9.99974012e-01 2.59314511e-05]
 [9.99989271e-01 1.07728292e-05]
 [1.00000000e+00 1.63022769e-08]
 [9.99127805e-01 8.72255769e-04]
 [5.61233640e-01 4.38766301e-01]
 [8.02906573e-01 1.97093412e-01]
 [9.56027627e-01 4.39723805e-02]
 [1.00000000e+00 7.32123562e-09]
 [9.99986649e-01 1.33263002e-05]
 [9.99923468e-01 7.65486475e-05]
 [9.95558739e-01 4.44119051e-03]
 [9.99999404e-01 6.20239518e-07]
 [9.99976039e-01 2.39365636e-05]
 [1.00000000e+00 2.31280606e-10]
 [9.98956800e-01 1.04314147e-03]
 [9.93013084e-01 6.98694540e-03]
 [9.99999881e-01 7.16954744e-08]
 [9.99996424e-01 3.56969804e-06]
 [1.00000000e+00 8.03084177e-09]
 [9.99975204e-01 2.47917051e-05]
 [1.00000000e+00 3.00257652e-10]
 [9.99999046e-01 9.41831331e-07]
 [4.49754477e-01 5.50245523e-01]
 [1.75518952e-02 9.82448161e-01]
 [8.68696988e-01 1.31303012e-01]
 [9.99232531e-01 7.67497229e-04]
 [9.99731600e-01 2.68383796e-04]
 [9.99630332e-01 3.69656365e-04]
 [1.00000000e+00 5.65756053e-10]
 [9.23902094e-01 7.60979056e-02]
 [3.36353272e-01 6.63646758e-01]
 [9.50682759e-01 4.93172817e-02]
 [6.97300434e-01 3.02699566e-01]]