The probability labels are:
[[9.97855961e-01 2.14401609e-03]
 [9.99920726e-01 7.92648425e-05]
 [7.73131773e-02 9.22686815e-01]
 [9.99786317e-01 2.13742402e-04]
 [9.98606622e-01 1.39334239e-03]
 [9.99429524e-01 5.70419536e-04]
 [9.99184072e-01 8.15919833e-04]
 [9.55242068e-02 9.04475808e-01]
 [9.66780782e-01 3.32192369e-02]
 [9.99566376e-01 4.33562032e-04]
 [9.97417331e-01 2.58270791e-03]
 [9.97695625e-01 2.30438728e-03]
 [9.99861956e-01 1.38030024e-04]
 [9.98764753e-01 1.23522314e-03]
 [6.30334377e-01 3.69665653e-01]
 [9.99942064e-01 5.79520638e-05]
 [9.99981284e-01 1.86924535e-05]
 [9.98293579e-01 1.70644617e-03]
 [9.99079823e-01 9.20129940e-04]
 [9.99875069e-01 1.24952072e-04]
 [9.07067180e-01 9.29327831e-02]
 [9.93192732e-01 6.80724718e-03]
 [9.99626040e-01 3.73995776e-04]
 [9.97514725e-01 2.48522544e-03]
 [9.99821603e-01 1.78414310e-04]
 [9.93642211e-01 6.35774806e-03]
 [9.96583045e-01 3.41701135e-03]
 [9.99601424e-01 3.98611883e-04]
 [9.75870848e-01 2.41291933e-02]
 [9.99990702e-01 9.24164306e-06]
 [9.93800461e-01 6.19958481e-03]
 [9.33137357e-01 6.68626353e-02]
 [9.99576628e-01 4.23327845e-04]
 [9.98744607e-01 1.25532714e-03]
 [9.96367693e-01 3.63226584e-03]
 [8.67594302e-01 1.32405683e-01]
 [9.99952197e-01 4.78519214e-05]
 [9.99889016e-01 1.10933979e-04]
 [9.96187985e-01 3.81203764e-03]
 [9.76836264e-01 2.31637303e-02]
 [9.99473751e-01 5.26258547e-04]
 [9.12932396e-01 8.70675594e-02]
 [5.71571942e-03 9.94284213e-01]
 [9.49426353e-01 5.05736396e-02]
 [9.99835491e-01 1.64538564e-04]
 [9.96108115e-01 3.89189343e-03]
 [4.38369453e-01 5.61630547e-01]
 [9.99690175e-01 3.09792493e-04]
 [9.99961138e-01 3.88963745e-05]
 [9.26982224e-01 7.30177462e-02]
 [6.71381950e-02 9.32861865e-01]
 [9.99951363e-01 4.86876488e-05]
 [9.98239398e-01 1.76065252e-03]
 [9.99475300e-01 5.24778443e-04]
 [9.99709666e-01 2.90263211e-04]
 [9.99405503e-01 5.94445039e-04]
 [9.98892367e-01 1.10763009e-03]
 [9.75550115e-01 2.44498942e-02]
 [3.14399526e-02 9.68560100e-01]
 [9.93033886e-01 6.96610752e-03]
 [9.99870420e-01 1.29516295e-04]
 [9.99805391e-01 1.94681488e-04]
 [9.99864817e-01 1.35156210e-04]
 [9.99938965e-01 6.09947165e-05]
 [9.94719863e-01 5.28008072e-03]
 [9.99664783e-01 3.35205666e-04]
 [9.98978019e-01 1.02199672e-03]
 [9.99772251e-01 2.27804703e-04]
 [9.97843027e-01 2.15701456e-03]
 [9.98330653e-01 1.66930095e-03]
 [9.99675751e-01 3.24229593e-04]
 [9.99942303e-01 5.76862949e-05]
 [9.98974800e-01 1.02523726e-03]
 [9.09239292e-01 9.07607004e-02]
 [9.99969721e-01 3.02661647e-05]
 [9.99596894e-01 4.03071346e-04]
 [9.08824563e-01 9.11754444e-02]
 [6.88179016e-01 3.11820984e-01]
 [9.99982357e-01 1.76697013e-05]
 [7.02115119e-01 2.97884911e-01]
 [9.99298573e-01 7.01402605e-04]
 [9.96793807e-01 3.20619484e-03]
 [9.99845862e-01 1.54110719e-04]
 [9.89005506e-01 1.09945219e-02]
 [1.17379785e-01 8.82620215e-01]
 [9.95929539e-01 4.07048222e-03]
 [9.87960100e-01 1.20399334e-02]
 [9.98957992e-01 1.04195508e-03]
 [9.99854684e-01 1.45296915e-04]
 [2.86404639e-01 7.13595390e-01]
 [9.98658657e-01 1.34131778e-03]
 [9.97159362e-01 2.84060300e-03]
 [9.94071424e-01 5.92856761e-03]
 [9.99279678e-01 7.20288663e-04]
 [6.21021926e-01 3.78978103e-01]
 [8.20232809e-01 1.79767191e-01]
 [9.99760807e-01 2.39201050e-04]
 [3.85520130e-01 6.14479840e-01]
 [9.98716474e-01 1.28359406e-03]
 [9.99875069e-01 1.24954939e-04]
 [9.88185287e-01 1.18146632e-02]
 [8.68520662e-02 9.13147926e-01]
 [9.99859929e-01 1.40015123e-04]
 [9.99711215e-01 2.88756157e-04]
 [9.99591053e-01 4.08957276e-04]
 [9.99573648e-01 4.26391372e-04]
 [9.99412060e-01 5.87919436e-04]
 [4.48910773e-01 5.51089287e-01]
 [9.96554494e-01 3.44552891e-03]
 [9.99519825e-01 4.80165385e-04]
 [9.99391794e-01 6.08236238e-04]
 [9.97844696e-01 2.15530209e-03]
 [9.99010205e-01 9.89824883e-04]
 [9.96267736e-01 3.73225403e-03]
 [9.99701679e-01 2.98314641e-04]
 [9.99469459e-01 5.30611200e-04]
 [9.99649763e-01 3.50183109e-04]
 [9.18856859e-01 8.11432078e-02]
 [9.98894513e-01 1.10551133e-03]
 [9.99863863e-01 1.36160146e-04]
 [9.99917984e-01 8.19526831e-05]
 [9.99415994e-01 5.83971501e-04]
 [6.83647990e-01 3.16352010e-01]
 [9.99774873e-01 2.25111769e-04]
 [9.99866486e-01 1.33494323e-04]
 [9.99650002e-01 3.49996728e-04]
 [9.98423815e-01 1.57619116e-03]
 [9.97885048e-01 2.11491622e-03]
 [8.13276052e-01 1.86723992e-01]
 [6.98112607e-01 3.01887423e-01]
 [9.76728380e-01 2.32717041e-02]
 [9.99862075e-01 1.37965020e-04]
 [9.95841324e-01 4.15861839e-03]
 [6.36725843e-01 3.63274187e-01]
 [9.99631763e-01 3.68195761e-04]
 [9.99944568e-01 5.53754326e-05]
 [8.85962903e-01 1.14037082e-01]
 [5.48750341e-01 4.51249629e-01]
 [9.99932647e-01 6.73202740e-05]
 [9.97976601e-01 2.02335347e-03]
 [9.99445856e-01 5.54155034e-04]
 [9.98982728e-01 1.01722672e-03]
 [9.99766886e-01 2.33132960e-04]
 [9.99657631e-01 3.42328363e-04]
 [9.89215851e-01 1.07841287e-02]
 [9.09159064e-01 9.08409059e-02]
 [9.99884009e-01 1.15964220e-04]
 [9.99175489e-01 8.24505696e-04]
 [9.99866724e-01 1.33280773e-04]
 [9.99810398e-01 1.89587576e-04]
 [9.98690546e-01 1.30941975e-03]
 [9.95813549e-01 4.18646028e-03]
 [9.99707401e-01 2.92582932e-04]
 [9.99616265e-01 3.83715524e-04]
 [9.99730289e-01 2.69652897e-04]
 [9.97353435e-01 2.64654052e-03]
 [9.98304605e-01 1.69536006e-03]
 [9.99753177e-01 2.46857642e-04]
 [9.98887360e-01 1.11268857e-03]
 [9.98603523e-01 1.39650947e-03]
 [9.95033503e-01 4.96646622e-03]
 [9.99880552e-01 1.19412834e-04]
 [9.99769032e-01 2.30931269e-04]
 [2.30221786e-02 9.76977825e-01]
 [9.98447120e-01 1.55286025e-03]
 [9.99450862e-01 5.49102202e-04]
 [2.60373682e-01 7.39626348e-01]
 [9.99612391e-01 3.87578446e-04]
 [9.97524202e-01 2.47574411e-03]
 [9.99882460e-01 1.17524061e-04]
 [8.11493456e-01 1.88506603e-01]
 [8.20466995e-01 1.79533005e-01]
 [9.41048205e-01 5.89518547e-02]
 [8.76535714e-01 1.23464316e-01]
 [9.66481805e-01 3.35181728e-02]
 [9.99499321e-01 5.00687980e-04]
 [1.88346189e-02 9.81165409e-01]
 [9.99977827e-01 2.22201488e-05]
 [9.98056710e-01 1.94332027e-03]
 [9.97487187e-01 2.51279958e-03]
 [9.99901056e-01 9.89017353e-05]
 [1.22280590e-01 8.77719343e-01]
 [2.66090065e-01 7.33909905e-01]
 [9.78963256e-01 2.10367590e-02]
 [1.18431321e-03 9.98815656e-01]
 [9.88757312e-01 1.12427222e-02]
 [9.97542739e-01 2.45722849e-03]
 [5.79113841e-01 4.20886129e-01]
 [1.00895565e-03 9.98991072e-01]
 [9.98006165e-01 1.99380517e-03]
 [9.99571383e-01 4.28642787e-04]
 [9.99810636e-01 1.89371684e-04]
 [9.99595225e-01 4.04793565e-04]
 [9.98357832e-01 1.64211041e-03]
 [1.75743267e-01 8.24256718e-01]
 [1.00423895e-01 8.99576068e-01]
 [8.91878605e-01 1.08121343e-01]
 [9.99903083e-01 9.69339744e-05]
 [9.81543899e-01 1.84561089e-02]
 [9.66952264e-01 3.30476798e-02]
 [7.71389663e-01 2.28610337e-01]
 [9.94110644e-01 5.88931469e-03]
 [9.98493195e-01 1.50678202e-03]
 [9.90707040e-01 9.29291546e-03]
 [1.82516024e-01 8.17484021e-01]
 [9.99594390e-01 4.05620784e-04]
 [9.98855829e-01 1.14419218e-03]
 [9.60029364e-01 3.99706624e-02]
 [9.99853849e-01 1.46107981e-04]
 [2.14910701e-01 7.85089314e-01]
 [9.92123187e-01 7.87675846e-03]
 [8.95854533e-01 1.04145482e-01]
 [9.12513733e-01 8.74862671e-02]
 [7.01644659e-01 2.98355401e-01]
 [9.99555767e-01 4.44228528e-04]
 [9.42249835e-01 5.77501617e-02]
 [6.90074921e-01 3.09925109e-01]
 [9.01532829e-01 9.84671861e-02]
 [9.99934077e-01 6.59378638e-05]
 [4.06408519e-01 5.93591452e-01]
 [3.40324908e-01 6.59675121e-01]
 [9.99898314e-01 1.01644953e-04]
 [9.99562442e-01 4.37557115e-04]
 [9.91366029e-01 8.63403268e-03]
 [9.28847253e-01 7.11527988e-02]
 [9.99879241e-01 1.20694633e-04]
 [9.97370720e-01 2.62928219e-03]
 [9.96661782e-01 3.33824242e-03]
 [9.99845624e-01 1.54359848e-04]
 [9.94686007e-01 5.31403255e-03]
 [9.99803483e-01 1.96497902e-04]
 [9.49674547e-01 5.03254831e-02]
 [1.74536824e-01 8.25463176e-01]
 [8.73522520e-01 1.26477465e-01]
 [9.90507603e-01 9.49238241e-03]
 [9.99610126e-01 3.89871944e-04]
 [9.99359190e-01 6.40808139e-04]
 [9.94904399e-01 5.09558851e-03]
 [9.87789631e-01 1.22103589e-02]
 [9.98288691e-01 1.71124854e-03]
 [9.92170274e-01 7.82977603e-03]
 [9.99750674e-01 2.49350414e-04]
 [8.89472961e-01 1.10527016e-01]
 [9.94094908e-01 5.90509782e-03]
 [9.99954224e-01 4.57560054e-05]
 [9.96861696e-01 3.13829049e-03]
 [9.99482274e-01 5.17663138e-04]
 [9.99757707e-01 2.42282258e-04]
 [9.99593675e-01 4.06366773e-04]
 [9.99073982e-01 9.26049484e-04]
 [8.87797356e-01 1.12202667e-01]
 [7.45499730e-02 9.25450087e-01]
 [9.66125190e-01 3.38748470e-02]
 [9.42683101e-01 5.73169254e-02]
 [9.91101980e-01 8.89805239e-03]
 [9.96408999e-01 3.59101337e-03]
 [9.99983072e-01 1.69760151e-05]
 [3.95080224e-02 9.60491955e-01]
 [1.22781098e-01 8.77218843e-01]
 [7.37104356e-01 2.62895644e-01]
 [4.77208555e-01 5.22791445e-01]]