The probability labels are:
[[0.80324495 0.19675504]
 [0.9947513  0.00524877]
 [0.8051826  0.19481736]
 [0.967151   0.03284904]
 [0.8591201  0.14087991]
 [0.9719795  0.0280205 ]
 [0.8303743  0.16962568]
 [0.68965536 0.3103446 ]
 [0.6287421  0.37125793]
 [0.29814753 0.70185244]
 [0.95234436 0.04765568]
 [0.9619167  0.03808328]
 [0.34929633 0.6507037 ]
 [0.9559888  0.04401115]
 [0.9370416  0.06295837]
 [0.9330154  0.06698465]
 [0.9487316  0.05126844]
 [0.57399416 0.42600584]
 [0.63815814 0.36184183]
 [0.34425357 0.6557464 ]
 [0.60524887 0.39475107]
 [0.6347284  0.36527166]
 [0.7865959  0.21340407]
 [0.825533   0.174467  ]
 [0.26283464 0.73716533]
 [0.9174018  0.08259821]
 [0.94610023 0.05389981]
 [0.8495715  0.15042849]
 [0.18128903 0.818711  ]
 [0.95042026 0.04957975]
 [0.9259869  0.07401306]
 [0.9610559  0.03894413]
 [0.883012   0.11698801]
 [0.9945792  0.00542082]
 [0.79613674 0.20386325]
 [0.9802801  0.01971988]
 [0.98519915 0.0148009 ]
 [0.9118869  0.08811316]
 [0.5996037  0.40039632]
 [0.9868219  0.01317811]
 [0.8041549  0.19584517]
 [0.99515486 0.00484518]
 [0.8036149  0.1963851 ]
 [0.9644078  0.03559222]
 [0.846936   0.15306395]
 [0.97219014 0.02780981]
 [0.8559839  0.14401612]
 [0.6945346  0.3054654 ]
 [0.6294924  0.37050757]
 [0.25816935 0.7418306 ]
 [0.952495   0.04750506]
 [0.9639919  0.03600819]
 [0.32372287 0.67627716]
 [0.95591956 0.04408047]
 [0.93949234 0.06050761]
 [0.9316451  0.06835492]
 [0.9430936  0.05690642]
 [0.55310315 0.44689685]
 [0.6822661  0.31773385]
 [0.32000732 0.6799927 ]
 [0.60505325 0.39494678]
 [0.69033813 0.3096619 ]
 [0.7874619  0.21253814]
 [0.79026073 0.20973927]
 [0.29145032 0.7085497 ]
 [0.92283946 0.07716056]
 [0.94394374 0.05605627]
 [0.85635036 0.14364961]
 [0.1458552  0.85414475]
 [0.95022625 0.04977377]
 [0.9159307  0.08406936]
 [0.96113473 0.03886531]
 [0.8965717  0.10342831]
 [0.9950433  0.00495665]
 [0.77499986 0.22500014]
 [0.9785398  0.02146022]
 [0.98514026 0.0148598 ]
 [0.9025525  0.09744757]
 [0.57504505 0.42495498]
 [0.98705226 0.01294769]
 [0.7886464  0.21135359]
 [0.9948225  0.00517754]
 [0.7777633  0.22223671]
 [0.9624365  0.03756348]
 [0.8543332  0.1456668 ]
 [0.9698798  0.03012016]
 [0.82965225 0.17034775]
 [0.68781644 0.3121836 ]
 [0.58548176 0.4145182 ]
 [0.3222189  0.6777811 ]
 [0.9518033  0.04819675]
 [0.9624779  0.03752213]
 [0.33264005 0.66735995]
 [0.9559983  0.04400166]
 [0.9368825  0.0631175 ]
 [0.930731   0.06926899]
 [0.9539452  0.04605481]
 [0.5854336  0.41456643]
 [0.63802993 0.3619701 ]
 [0.34340042 0.6565996 ]
 [0.5984741  0.40152586]
 [0.6362985  0.36370146]
 [0.8163376  0.1836624 ]
 [0.8194673  0.18053277]
 [0.26857397 0.731426  ]
 [0.91948813 0.0805119 ]
 [0.94232666 0.05767338]
 [0.8577483  0.14225166]
 [0.14744265 0.85255736]
 [0.9579608  0.0420392 ]
 [0.9164818  0.08351823]
 [0.9629611  0.03703897]
 [0.8510753  0.1489247 ]
 [0.99484825 0.00515179]
 [0.7782509  0.22174914]
 [0.9797594  0.0202406 ]
 [0.98619765 0.01380235]
 [0.9021242  0.09787571]
 [0.60757655 0.39242342]
 [0.9865117  0.01348827]]