The probability labels are:
[[9.06378269e-01 9.36217532e-02]
 [9.99433219e-01 5.66703617e-04]
 [2.42640972e-01 7.57359028e-01]
 [9.97604191e-01 2.39579380e-03]
 [9.15090919e-01 8.49091262e-02]
 [8.93588066e-01 1.06411941e-01]
 [9.48625147e-01 5.13748266e-02]
 [4.06981230e-01 5.93018770e-01]
 [8.35078061e-01 1.64921954e-01]
 [9.98742282e-01 1.25769933e-03]
 [7.95800507e-01 2.04199508e-01]
 [9.97055888e-01 2.94410135e-03]
 [9.99349535e-01 6.50490343e-04]
 [7.73529410e-01 2.26470619e-01]
 [1.82504699e-01 8.17495286e-01]
 [9.98098075e-01 1.90190284e-03]
 [9.99132097e-01 8.67885887e-04]
 [9.84512091e-01 1.54879801e-02]
 [9.89593387e-01 1.04065808e-02]
 [9.96228456e-01 3.77160613e-03]
 [5.11314094e-01 4.88685936e-01]
 [9.24096406e-01 7.59035572e-02]
 [9.99523640e-01 4.76427784e-04]
 [9.97145951e-01 2.85408646e-03]
 [9.99297976e-01 7.02056393e-04]
 [9.43674445e-01 5.63255325e-02]
 [9.93198156e-01 6.80191768e-03]
 [9.88052726e-01 1.19473059e-02]
 [9.53168035e-01 4.68319282e-02]
 [9.99711812e-01 2.88154173e-04]
 [1.55462876e-01 8.44537079e-01]
 [9.79587317e-01 2.04126239e-02]
 [9.97586250e-01 2.41372013e-03]
 [9.96899128e-01 3.10092326e-03]
 [9.95207727e-01 4.79221158e-03]
 [3.52610737e-01 6.47389233e-01]
 [9.99295950e-01 7.04032893e-04]
 [9.94773328e-01 5.22667682e-03]
 [9.94422138e-01 5.57786692e-03]
 [9.42095757e-01 5.79042621e-02]
 [8.93329501e-01 1.06670536e-01]
 [5.61541617e-01 4.38458383e-01]
 [9.91806984e-02 9.00819361e-01]
 [6.25598967e-01 3.74401063e-01]
 [9.95665252e-01 4.33479343e-03]
 [9.69916165e-01 3.00838035e-02]
 [5.70257306e-01 4.29742664e-01]
 [9.97861803e-01 2.13818275e-03]
 [9.99899507e-01 1.00464989e-04]
 [9.05229509e-01 9.47704315e-02]
 [5.47036767e-01 4.52963233e-01]
 [9.54180121e-01 4.58198264e-02]
 [6.54532433e-01 3.45467538e-01]
 [9.83237624e-01 1.67623702e-02]
 [9.96909678e-01 3.09038255e-03]
 [9.35327053e-01 6.46729395e-02]
 [9.99217987e-01 7.81974290e-04]
 [5.77657402e-01 4.22342569e-01]
 [5.56253612e-01 4.43746358e-01]
 [9.60018039e-01 3.99818905e-02]
 [9.96885240e-01 3.11472872e-03]
 [9.98474538e-01 1.52542384e-03]
 [9.98136878e-01 1.86305598e-03]
 [9.80575562e-01 1.94244795e-02]
 [6.47700012e-01 3.52299929e-01]
 [9.83681977e-01 1.63179934e-02]
 [9.99442518e-01 5.57459076e-04]
 [9.98060644e-01 1.93930115e-03]
 [5.79780161e-01 4.20219898e-01]
 [8.73475254e-01 1.26524806e-01]
 [9.99463141e-01 5.36876614e-04]
 [9.98050690e-01 1.94927398e-03]
 [9.99577701e-01 4.22286801e-04]
 [9.03267205e-01 9.67328325e-02]
 [9.99317765e-01 6.82300248e-04]
 [9.99346554e-01 6.53421856e-04]
 [8.66461396e-01 1.33538619e-01]
 [9.19771120e-02 9.08022881e-01]
 [9.99444783e-01 5.55184844e-04]
 [3.83411407e-01 6.16588593e-01]
 [9.95164514e-01 4.83551482e-03]
 [9.82572079e-01 1.74278598e-02]
 [9.99611557e-01 3.88418994e-04]
 [9.25950706e-01 7.40492791e-02]
 [2.36798957e-01 7.63200998e-01]
 [5.69990456e-01 4.30009484e-01]
 [8.28057408e-01 1.71942651e-01]
 [9.63457882e-01 3.65421325e-02]
 [9.99686241e-01 3.13735451e-04]
 [1.18237153e-01 8.81762803e-01]
 [9.94059563e-01 5.94048062e-03]
 [9.86486077e-01 1.35139637e-02]
 [9.18605089e-01 8.13948810e-02]
 [9.72508669e-01 2.74913423e-02]
 [1.90878630e-01 8.09121370e-01]
 [5.65025449e-01 4.34974551e-01]
 [9.97722805e-01 2.27722339e-03]
 [4.10234272e-01 5.89765728e-01]
 [9.91769075e-01 8.23090039e-03]
 [9.99806106e-01 1.93943735e-04]
 [8.38743806e-01 1.61256224e-01]
 [1.04131699e-01 8.95868301e-01]
 [9.72782493e-01 2.72174813e-02]
 [9.99116361e-01 8.83646018e-04]
 [9.91486311e-01 8.51365272e-03]
 [9.99421477e-01 5.78549225e-04]
 [9.89696622e-01 1.03034321e-02]
 [7.36060441e-01 2.63939559e-01]
 [9.46855009e-01 5.31450287e-02]
 [9.92738426e-01 7.26151560e-03]
 [9.99053419e-01 9.46621061e-04]
 [9.99713838e-01 2.86164635e-04]
 [9.77403522e-01 2.25964412e-02]
 [9.66558576e-01 3.34414169e-02]
 [9.97624576e-01 2.37542461e-03]
 [9.45091009e-01 5.49090020e-02]
 [9.99373734e-01 6.26325840e-04]
 [5.83115637e-01 4.16884333e-01]
 [9.79579568e-01 2.04203911e-02]
 [9.98187125e-01 1.81284768e-03]
 [9.99496579e-01 5.03405172e-04]
 [9.86317337e-01 1.36827063e-02]
 [2.74812996e-01 7.25187004e-01]
 [9.99770224e-01 2.29841331e-04]
 [9.96560752e-01 3.43923946e-03]
 [9.86555219e-01 1.34447515e-02]
 [9.89796937e-01 1.02030663e-02]
 [6.90559745e-01 3.09440255e-01]
 [8.84323537e-01 1.15676485e-01]
 [1.79969966e-01 8.20030034e-01]
 [7.27388203e-01 2.72611797e-01]
 [9.97978747e-01 2.02131923e-03]
 [9.82575059e-01 1.74249560e-02]
 [2.02592611e-01 7.97407389e-01]
 [9.93563950e-01 6.43607788e-03]
 [9.99937177e-01 6.28444104e-05]
 [6.20777547e-01 3.79222423e-01]
 [3.62601131e-01 6.37398899e-01]
 [9.97200847e-01 2.79920991e-03]
 [9.06295061e-01 9.37049985e-02]
 [9.62977886e-01 3.70221362e-02]
 [9.97635603e-01 2.36438448e-03]
 [9.87972617e-01 1.20273009e-02]
 [9.98855233e-01 1.14474795e-03]
 [9.53433037e-01 4.65669557e-02]
 [5.82535446e-01 4.17464584e-01]
 [9.37394023e-01 6.26059994e-02]
 [9.88341391e-01 1.16585866e-02]
 [9.99602616e-01 3.97441152e-04]
 [9.98643339e-01 1.35671836e-03]
 [9.28409696e-01 7.15902820e-02]
 [9.73439932e-01 2.65601035e-02]
 [9.91829813e-01 8.17014370e-03]
 [9.98693287e-01 1.30672252e-03]
 [9.98821437e-01 1.17855810e-03]
 [7.36962497e-01 2.63037473e-01]
 [9.52843666e-01 4.71563637e-02]
 [9.99935508e-01 6.45267064e-05]
 [9.98698592e-01 1.30134856e-03]
 [9.99072313e-01 9.27630637e-04]
 [9.37175572e-01 6.28244355e-02]
 [9.98538494e-01 1.46145490e-03]
 [9.99718487e-01 2.81446322e-04]
 [3.93093467e-01 6.06906593e-01]
 [7.80061722e-01 2.19938323e-01]
 [9.97303605e-01 2.69641494e-03]
 [2.64896929e-01 7.35103071e-01]
 [9.97305155e-01 2.69488804e-03]
 [9.93937492e-01 6.06249366e-03]
 [9.98867869e-01 1.13218674e-03]
 [8.66300702e-01 1.33699268e-01]
 [6.62025154e-01 3.37974906e-01]
 [8.26194346e-01 1.73805654e-01]
 [7.85824716e-01 2.14175344e-01]
 [9.71434534e-01 2.85654608e-02]
 [9.99794781e-01 2.05185628e-04]
 [6.81803405e-01 3.18196625e-01]
 [9.92565513e-01 7.43448921e-03]
 [9.10804629e-01 8.91953707e-02]
 [9.06522870e-01 9.34771001e-02]
 [8.51135731e-01 1.48864254e-01]
 [1.24017514e-01 8.75982463e-01]
 [8.81065309e-01 1.18934698e-01]
 [9.72333491e-01 2.76665185e-02]
 [8.48250508e-01 1.51749462e-01]
 [9.93329406e-01 6.67060865e-03]
 [9.95395243e-01 4.60473727e-03]
 [9.59994018e-01 4.00060229e-02]
 [8.60292256e-01 1.39707819e-01]
 [9.78008986e-01 2.19910108e-02]
 [9.99035001e-01 9.65029234e-04]
 [9.77547765e-01 2.24522874e-02]
 [9.73519027e-01 2.64809765e-02]
 [9.28406417e-01 7.15935454e-02]
 [8.63731086e-01 1.36268958e-01]
 [9.13613498e-01 8.63864869e-02]
 [9.47682083e-01 5.23179173e-02]
 [9.89549875e-01 1.04501192e-02]
 [9.98022914e-01 1.97705114e-03]
 [9.81706202e-01 1.82937998e-02]
 [9.74456072e-01 2.55439840e-02]
 [9.67284441e-01 3.27155367e-02]
 [9.10475612e-01 8.95244181e-02]
 [9.90372539e-01 9.62741673e-03]
 [8.03398252e-01 1.96601793e-01]
 [9.71251488e-01 2.87484974e-02]
 [9.96609747e-01 3.39026051e-03]
 [9.77127016e-01 2.28729527e-02]
 [9.30302382e-01 6.96976408e-02]
 [5.83894610e-01 4.16105419e-01]
 [9.85787153e-01 1.42128216e-02]
 [9.88102317e-01 1.18977223e-02]
 [9.75762308e-01 2.42376793e-02]
 [9.05578971e-01 9.44210291e-02]
 [9.23282444e-01 7.67175630e-02]
 [6.58902347e-01 3.41097713e-01]
 [6.01565182e-01 3.98434818e-01]
 [8.97948325e-01 1.02051690e-01]
 [9.99009609e-01 9.90363886e-04]
 [8.32379878e-01 1.67620078e-01]
 [3.49985301e-01 6.50014699e-01]
 [9.88188088e-01 1.18119130e-02]
 [9.99908328e-01 9.16144782e-05]
 [8.16101551e-01 1.83898479e-01]
 [9.42785800e-01 5.72142117e-02]
 [9.73519385e-01 2.64806338e-02]
 [8.98881078e-01 1.01118959e-01]
 [9.76273656e-01 2.37263236e-02]
 [9.93073702e-01 6.92630839e-03]
 [9.67301428e-01 3.26986052e-02]
 [9.98294890e-01 1.70512253e-03]
 [9.88510609e-01 1.14894016e-02]
 [6.49550140e-01 3.50449860e-01]
 [9.45361555e-01 5.46384230e-02]
 [9.91573632e-01 8.42629746e-03]
 [9.99345005e-01 6.55015581e-04]
 [9.91244197e-01 8.75580218e-03]
 [9.84915614e-01 1.50843551e-02]
 [9.64138448e-01 3.58615853e-02]
 [9.98399675e-01 1.60035025e-03]
 [9.84481096e-01 1.55189186e-02]
 [9.99934435e-01 6.56147095e-05]
 [7.75620937e-01 2.24379063e-01]
 [9.64653194e-01 3.53468098e-02]
 [9.98970151e-01 1.02981366e-03]
 [9.94573414e-01 5.42663457e-03]
 [9.96913552e-01 3.08645982e-03]
 [8.08947444e-01 1.91052526e-01]
 [9.99667168e-01 3.32890428e-04]
 [9.93810475e-01 6.18956331e-03]
 [5.07230520e-01 4.92769510e-01]
 [9.29270029e-01 7.07299933e-02]
 [9.94107246e-01 5.89279179e-03]
 [6.45743728e-01 3.54256272e-01]
 [9.81531143e-01 1.84688848e-02]
 [8.61520529e-01 1.38479456e-01]
 [9.99614954e-01 3.84987477e-04]
 [8.47952545e-01 1.52047426e-01]
 [8.66623938e-01 1.33375987e-01]
 [9.36384380e-01 6.36155605e-02]
 [9.17772532e-01 8.22274908e-02]]