The probability labels are:
[[0.60999054 0.39000943]
 [0.7725776  0.22742239]
 [0.56470805 0.43529198]
 [0.6748387  0.32516128]
 [0.6508995  0.34910044]
 [0.767277   0.232723  ]
 [0.6711789  0.3288211 ]
 [0.64848304 0.35151693]
 [0.5534533  0.44654667]
 [0.56920034 0.43079972]
 [0.7657728  0.23422721]
 [0.7779209  0.22207913]
 [0.62847954 0.37152043]
 [0.7152569  0.28474307]
 [0.6873505  0.31264946]
 [0.72305155 0.27694848]
 [0.650803   0.3491969 ]
 [0.62230515 0.37769485]
 [0.5884541  0.4115459 ]
 [0.46687728 0.5331227 ]
 [0.593636   0.406364  ]
 [0.5899232  0.41007674]
 [0.63946223 0.36053777]
 [0.5215576  0.47844237]
 [0.514544   0.485456  ]
 [0.7423433  0.25765666]
 [0.768085   0.23191497]
 [0.5643619  0.4356382 ]
 [0.58126986 0.41873008]
 [0.75945616 0.2405438 ]
 [0.78865516 0.21134485]
 [0.71357703 0.286423  ]
 [0.6171004  0.38289952]
 [0.7806748  0.21932514]
 [0.55446297 0.44553697]
 [0.7543585  0.24564151]
 [0.6959015  0.30409843]
 [0.58406055 0.4159395 ]
 [0.5692787  0.4307213 ]
 [0.693239   0.30676106]
 [0.6049829  0.39501715]
 [0.7654248  0.23457518]
 [0.57308614 0.4269139 ]
 [0.68890494 0.31109506]
 [0.65746915 0.34253082]
 [0.75977933 0.24022073]
 [0.65762603 0.342374  ]
 [0.6408805  0.35911953]
 [0.55084515 0.44915488]
 [0.54999346 0.45000657]
 [0.76380306 0.23619694]
 [0.78574693 0.21425307]
 [0.6381686  0.36183143]
 [0.7164762  0.28352377]
 [0.6743295  0.32567045]
 [0.7157337  0.28426635]
 [0.6560505  0.34394947]
 [0.6310091  0.3689909 ]
 [0.5793425  0.4206575 ]
 [0.5049985  0.4950015 ]
 [0.5932623  0.40673766]
 [0.56894255 0.43105748]
 [0.6323663  0.36763373]
 [0.5036352  0.49636477]
 [0.5210489  0.47895113]
 [0.75221056 0.24778944]
 [0.7640598  0.23594014]
 [0.55557156 0.4444285 ]
 [0.5723783  0.42762175]
 [0.76260155 0.23739846]
 [0.8085015  0.19149855]
 [0.7092418  0.2907582 ]
 [0.5889887  0.41101125]
 [0.7891888  0.2108112 ]
 [0.57315224 0.4268478 ]
 [0.749789   0.25021094]
 [0.6908901  0.30910993]
 [0.58384377 0.4161562 ]
 [0.56985533 0.43014464]
 [0.6779279  0.32207206]
 [0.61234933 0.3876507 ]
 [0.767297   0.23270296]
 [0.5584072  0.4415928 ]
 [0.6739531  0.3260469 ]
 [0.6558178  0.34418222]
 [0.7563542  0.2436458 ]
 [0.6686342  0.33136582]
 [0.64098847 0.3590115 ]
 [0.523051   0.47694898]
 [0.5616126  0.4383874 ]
 [0.7665328  0.23346724]
 [0.77671194 0.22328806]
 [0.59879    0.40120998]
 [0.69897217 0.3010278 ]
 [0.66426563 0.33573437]
 [0.7250678  0.27493227]
 [0.6432832  0.35671687]
 [0.6331875  0.3668125 ]
 [0.5979891  0.40201092]
 [0.46673715 0.5332629 ]
 [0.5998616  0.40013838]
 [0.5885342  0.41146585]
 [0.6187259  0.38127404]
 [0.52842563 0.47157437]
 [0.5133558  0.48664427]
 [0.7441425  0.2558575 ]
 [0.77514064 0.22485931]
 [0.55236053 0.4476394 ]
 [0.5709991  0.4290009 ]
 [0.729041   0.27095905]
 [0.81082505 0.18917492]
 [0.6983561  0.30164388]
 [0.6066967  0.39330328]
 [0.79123443 0.20876555]
 [0.57679164 0.42320836]
 [0.7473009  0.25269908]
 [0.69688445 0.30311555]
 [0.56369305 0.43630692]
 [0.56368595 0.43631405]
 [0.68969214 0.3103079 ]]