The probability labels are:
[[0.9339192  0.06608085]
 [0.9572842  0.04271578]
 [0.94367325 0.05632672]
 [0.94502455 0.05497542]
 [0.9380213  0.06197875]
 [0.93124664 0.06875342]
 [0.9485427  0.05145732]
 [0.91114056 0.08885945]
 [0.9412549  0.05874503]
 [0.9365456  0.06345439]
 [0.9292931  0.07070693]
 [0.9147601  0.08523993]
 [0.9518087  0.04819131]
 [0.9475983  0.0524017 ]
 [0.9379613  0.06203869]
 [0.92783105 0.07216889]
 [0.94434446 0.05565554]
 [0.9519839  0.04801612]
 [0.94640124 0.05359875]
 [0.9549629  0.04503708]
 [0.9194369  0.08056317]
 [0.9460997  0.05390036]
 [0.9356036  0.0643964 ]
 [0.93836963 0.06163038]
 [0.9418181  0.05818194]
 [0.94531476 0.05468525]
 [0.91433066 0.0856693 ]
 [0.95235234 0.04764769]
 [0.933504   0.06649598]
 [0.959347   0.04065297]
 [0.9465986  0.05340143]
 [0.9342979  0.06570212]
 [0.91892135 0.0810786 ]
 [0.9442921  0.05570785]
 [0.91207683 0.08792318]
 [0.94380194 0.05619809]
 [0.95829195 0.04170805]
 [0.9332041  0.06679593]
 [0.9301902  0.06980979]
 [0.93610394 0.06389603]
 [0.9426824  0.05731765]
 [0.94729424 0.05270571]
 [0.937376   0.06262394]
 [0.94595736 0.05404267]
 [0.954402   0.04559791]
 [0.93609893 0.0639011 ]
 [0.9397583  0.06024166]
 [0.9265663  0.07343369]
 [0.94563884 0.05436113]
 [0.9270173  0.07298272]
 [0.9368708  0.06312926]
 [0.95345765 0.04654238]
 [0.9457271  0.05427289]
 [0.9447582  0.05524177]
 [0.91979665 0.08020331]
 [0.9528268  0.04717318]
 [0.90927297 0.09072699]
 [0.94432306 0.05567687]
 [0.91970617 0.08029385]
 [0.9446477  0.05535222]
 [0.945756   0.05424399]
 [0.91896623 0.0810337 ]
 [0.9289208  0.07107917]
 [0.93789566 0.06210431]
 [0.94888216 0.05111781]
 [0.94998544 0.05001456]
 [0.93804395 0.06195607]
 [0.9520539  0.04794613]
 [0.95220584 0.04779417]
 [0.9522009  0.04779914]
 [0.94345677 0.05654322]
 [0.9556303  0.04436973]
 [0.94915605 0.05084392]
 [0.9285252  0.07147478]
 [0.9536804  0.04631959]
 [0.9521     0.0479    ]
 [0.9080926  0.09190745]
 [0.94640785 0.0535922 ]
 [0.944212   0.05578794]
 [0.93138576 0.06861422]
 [0.9517858  0.04821415]
 [0.944856   0.05514403]
 [0.92322814 0.07677185]
 [0.93060607 0.06939395]
 [0.93159854 0.0684014 ]
 [0.94106084 0.05893916]
 [0.9467174  0.05328261]
 [0.9483723  0.05162772]
 [0.93087137 0.06912857]
 [0.94674075 0.05325922]
 [0.9340397  0.0659603 ]
 [0.9445835  0.05541652]
 [0.9235014  0.07649862]
 [0.9447148  0.05528525]
 [0.9377686  0.06223145]
 [0.9320802  0.06791985]
 [0.9425439  0.05745606]
 [0.9409779  0.05902207]
 [0.9455447  0.05445525]
 [0.9564231  0.04357696]
 [0.93648535 0.06351466]
 [0.9377921  0.0622078 ]
 [0.9464335  0.0535665 ]
 [0.9239923  0.07600774]
 [0.94721544 0.0527846 ]
 [0.9497115  0.05028851]
 [0.9496456  0.05035445]
 [0.9307534  0.06924656]
 [0.9316501  0.06834997]
 [0.95312613 0.04687388]
 [0.9414434  0.05855659]
 [0.9469485  0.05305142]
 [0.9415067  0.05849336]
 [0.92861956 0.07138036]
 [0.93644065 0.06355942]
 [0.9349909  0.0650091 ]
 [0.9361734  0.06382664]
 [0.94728154 0.05271843]
 [0.9284901  0.07150995]
 [0.93236613 0.06763387]
 [0.9558567  0.0441433 ]
 [0.94201577 0.05798426]
 [0.9262858  0.07371424]
 [0.9230181  0.07698187]
 [0.9448814  0.05511858]
 [0.93178076 0.06821924]
 [0.9409929  0.05900714]
 [0.9457636  0.05423646]
 [0.9156042  0.0843958 ]
 [0.94039    0.05961002]
 [0.9495867  0.05041334]
 [0.953851   0.04614897]
 [0.91799843 0.08200161]
 [0.9274957  0.07250426]
 [0.93871796 0.06128206]
 [0.95283663 0.04716339]
 [0.9467475  0.05325247]
 [0.9412204  0.05877963]
 [0.9372382  0.06276177]
 [0.9305012  0.06949878]
 [0.9258664  0.07413358]
 [0.9360294  0.0639706 ]
 [0.9516764  0.04832352]
 [0.95334494 0.04665504]
 [0.92622495 0.07377503]
 [0.92080253 0.07919741]
 [0.9512541  0.04874587]
 [0.9316297  0.06837027]
 [0.9422876  0.05771234]
 [0.93097013 0.06902988]
 [0.9468085  0.05319151]
 [0.9481744  0.05182556]
 [0.9311998  0.06880018]
 [0.93548673 0.0645132 ]
 [0.9411148  0.0588852 ]
 [0.9397117  0.06028835]
 [0.9502106  0.0497894 ]
 [0.9515544  0.04844557]
 [0.929      0.07099997]
 [0.9252339  0.07476615]
 [0.93078864 0.06921139]
 [0.9542244  0.04577554]
 [0.9408277  0.05917231]
 [0.93171906 0.06828093]
 [0.9352519  0.06474816]
 [0.9356481  0.06435196]
 [0.93349767 0.06650238]
 [0.9458582  0.05414178]
 [0.9405231  0.05947688]
 [0.9465486  0.05345144]
 [0.9384825  0.06151752]
 [0.9307239  0.06927613]
 [0.9400261  0.05997391]
 [0.93217    0.06783003]
 [0.921696   0.078304  ]
 [0.9477322  0.05226782]
 [0.9397426  0.06025734]
 [0.9452859  0.05471412]
 [0.9384506  0.0615494 ]
 [0.9338454  0.06615463]
 [0.94741786 0.05258219]
 [0.9398577  0.06014226]
 [0.93138534 0.06861468]
 [0.91569835 0.08430163]
 [0.90341395 0.09658607]
 [0.9107221  0.08927792]
 [0.9280266  0.07197341]
 [0.91035193 0.08964806]
 [0.8962806  0.10371946]
 [0.9191916  0.08080841]
 [0.9438847  0.05611533]
 [0.9454195  0.05458053]
 [0.94783574 0.05216428]
 [0.94477075 0.05522922]
 [0.91648245 0.08351757]
 [0.9018814  0.09811865]
 [0.9279672  0.07203279]
 [0.9334297  0.06657029]
 [0.90436506 0.09563492]
 [0.90772223 0.09227772]
 [0.8942968  0.10570316]
 [0.92053133 0.07946861]
 [0.9407548  0.05924515]
 [0.9251908  0.07480916]
 [0.9223019  0.07769806]
 [0.9463586  0.05364137]
 [0.9426121  0.05738785]
 [0.9288887  0.07111128]
 [0.9416737  0.05832636]
 [0.9275229  0.07247714]
 [0.9265199  0.07348017]
 [0.90798616 0.09201382]
 [0.90995276 0.09004721]
 [0.9192041  0.08079594]
 [0.94628775 0.05371228]
 [0.9390996  0.06090036]
 [0.9159202  0.08407986]
 [0.9386598  0.06134028]
 [0.9507487  0.04925134]
 [0.90798193 0.09201808]
 [0.94356287 0.05643714]
 [0.946931   0.05306895]
 [0.92573667 0.07426336]
 [0.9376506  0.06234935]
 [0.9268196  0.07318044]
 [0.9445452  0.05545479]
 [0.9362298  0.06377014]
 [0.9355822  0.06441781]
 [0.93212223 0.06787772]
 [0.9384526  0.06154737]
 [0.94192016 0.05807988]
 [0.91835064 0.08164939]
 [0.9254342  0.07456581]
 [0.9106129  0.08938708]
 [0.90348595 0.09651405]
 [0.9376865  0.06231349]
 [0.93253964 0.06746037]
 [0.93409795 0.06590202]
 [0.9252839  0.07471613]
 [0.9365825  0.06341749]
 [0.932141   0.06785905]
 [0.9414588  0.05854115]
 [0.94096375 0.05903629]
 [0.9148833  0.08511668]
 [0.93570817 0.06429186]
 [0.93690574 0.0630943 ]
 [0.9441087  0.05589123]
 [0.94363356 0.05636644]
 [0.9435479  0.05645213]
 [0.938585   0.06141502]
 [0.93911296 0.06088705]
 [0.90323    0.09677003]
 [0.89789486 0.1021051 ]
 [0.9397894  0.06021065]
 [0.928886   0.07111397]
 [0.9311455  0.06885452]
 [0.94299245 0.05700754]
 [0.927631   0.07236902]
 [0.91166055 0.08833946]
 [0.9257489  0.07425106]
 [0.9185849  0.08141518]]