The probability labels are:
[[5.69320656e-02 9.43067908e-01]
 [4.53121960e-02 9.54687834e-01]
 [3.83919403e-02 9.61608052e-01]
 [8.96718919e-01 1.03281073e-01]
 [2.47870572e-02 9.75212932e-01]
 [9.06148970e-01 9.38510373e-02]
 [1.74855232e-01 8.25144768e-01]
 [2.20650677e-02 9.77934897e-01]
 [1.40476242e-01 8.59523773e-01]
 [3.71739417e-02 9.62826133e-01]
 [1.07204102e-01 8.92795861e-01]
 [7.56337881e-01 2.43662119e-01]
 [1.71397045e-01 8.28602970e-01]
 [5.28679080e-02 9.47132111e-01]
 [1.24485552e-01 8.75514448e-01]
 [9.14856493e-02 9.08514321e-01]
 [6.65556192e-02 9.33444381e-01]
 [6.86322898e-02 9.31367695e-01]
 [1.24530464e-01 8.75469506e-01]
 [5.75165823e-02 9.42483485e-01]
 [7.85172880e-01 2.14827105e-01]
 [7.04551637e-02 9.29544866e-01]
 [8.86905044e-02 9.11309540e-01]
 [5.79230964e-01 4.20769036e-01]
 [9.83812392e-01 1.61876325e-02]
 [8.82318914e-02 9.11768138e-01]
 [2.30783895e-01 7.69216120e-01]
 [4.82650280e-01 5.17349780e-01]
 [9.46104169e-01 5.38958758e-02]
 [5.07845759e-01 4.92154270e-01]
 [4.89877984e-02 9.51012254e-01]
 [7.75563344e-02 9.22443688e-01]
 [1.19455770e-01 8.80544245e-01]
 [8.65848184e-01 1.34151831e-01]
 [6.87721610e-01 3.12278450e-01]
 [3.90267037e-02 9.60973322e-01]
 [6.69418216e-01 3.30581784e-01]
 [6.24853037e-02 9.37514722e-01]
 [1.49426162e-01 8.50573778e-01]
 [3.42987359e-01 6.57012701e-01]
 [9.31040123e-02 9.06895936e-01]
 [5.83941415e-02 9.41605806e-01]
 [3.16142179e-02 9.68385816e-01]
 [9.87557650e-01 1.24422917e-02]
 [4.90735956e-02 9.50926423e-01]
 [5.65189660e-01 4.34810400e-01]
 [4.93791401e-02 9.50620830e-01]
 [4.61539030e-02 9.53846097e-01]
 [5.55299409e-02 9.44470048e-01]
 [3.57050225e-02 9.64294910e-01]
 [3.46592143e-02 9.65340793e-01]
 [9.46105540e-01 5.38944155e-02]
 [5.22675216e-01 4.77324814e-01]
 [1.82280429e-02 9.81771946e-01]
 [7.85035118e-02 9.21496451e-01]
 [2.40655467e-02 9.75934505e-01]
 [5.45116961e-02 9.45488334e-01]
 [4.89457138e-02 9.51054275e-01]
 [1.04441106e-01 8.95558894e-01]
 [1.85452819e-01 8.14547122e-01]
 [6.87943101e-01 3.12056929e-01]
 [2.86983382e-02 9.71301675e-01]
 [2.57303178e-01 7.42696762e-01]
 [6.63870335e-01 3.36129636e-01]
 [8.77856612e-01 1.22143403e-01]
 [5.10064922e-02 9.48993504e-01]
 [4.01545525e-01 5.98454475e-01]
 [1.13587700e-01 8.86412323e-01]
 [9.86268938e-01 1.37309954e-02]
 [4.46374089e-01 5.53625941e-01]
 [4.78279084e-01 5.21720946e-01]
 [2.02329755e-01 7.97670245e-01]
 [1.63137212e-01 8.36862803e-01]
 [8.13256383e-01 1.86743647e-01]
 [8.57466102e-01 1.42533943e-01]
 [4.95985076e-02 9.50401545e-01]
 [4.47550356e-01 5.52449584e-01]
 [4.43523191e-02 9.55647647e-01]
 [2.36679446e-02 9.76332068e-01]
 [1.99879557e-01 8.00120413e-01]
 [8.08681250e-02 9.19131875e-01]
 [8.75289887e-02 9.12470996e-01]
 [2.85353884e-02 9.71464634e-01]
 [9.48585153e-01 5.14148399e-02]
 [1.76523495e-02 9.82347608e-01]
 [5.75343013e-01 4.24657017e-01]
 [4.88107912e-02 9.51189220e-01]
 [4.29829471e-02 9.57017124e-01]
 [9.13590193e-02 9.08640981e-01]
 [1.87120326e-02 9.81287956e-01]
 [1.54057071e-01 8.45942974e-01]
 [6.81906581e-01 3.18093419e-01]
 [5.32178998e-01 4.67821002e-01]
 [1.85922384e-02 9.81407702e-01]
 [1.67623684e-01 8.32376361e-01]
 [5.22605069e-02 9.47739482e-01]
 [7.21453652e-02 9.27854657e-01]
 [1.30976737e-01 8.69023204e-01]
 [2.65982002e-01 7.34018028e-01]
 [4.73314784e-02 9.52668488e-01]
 [5.93341947e-01 4.06658053e-01]
 [6.44497052e-02 9.35550272e-01]
 [2.26133224e-02 9.77386713e-01]
 [7.79325306e-01 2.20674708e-01]
 [9.80783761e-01 1.92162860e-02]
 [1.62022725e-01 8.37977231e-01]
 [1.40241876e-01 8.59758079e-01]
 [1.67999670e-01 8.32000375e-01]
 [9.38898027e-01 6.11020029e-02]
 [6.48412347e-01 3.51587594e-01]
 [7.73623958e-02 9.22637582e-01]
 [4.84490655e-02 9.51550901e-01]
 [2.54653305e-01 7.45346725e-01]
 [5.55882871e-01 4.44117159e-01]
 [5.31712174e-01 4.68287826e-01]
 [1.71643812e-02 9.82835591e-01]
 [3.98166001e-01 6.01833999e-01]
 [1.46208063e-01 8.53791893e-01]
 [7.66336024e-02 9.23366368e-01]
 [4.48403060e-02 9.55159724e-01]
 [5.58458408e-03 9.94415402e-01]
 [9.18573737e-02 9.08142626e-01]
 [4.26755771e-02 9.57324445e-01]
 [9.93917584e-01 6.08233968e-03]
 [1.47718042e-01 8.52281928e-01]
 [8.32061052e-01 1.67938933e-01]
 [5.19155860e-02 9.48084414e-01]
 [2.87337191e-02 9.71266270e-01]
 [2.32309848e-02 9.76769090e-01]
 [5.84950335e-02 9.41505015e-01]
 [1.52070476e-02 9.84792948e-01]
 [9.62401927e-01 3.75980400e-02]
 [2.47312620e-01 7.52687395e-01]
 [3.04678231e-02 9.69532192e-01]
 [2.82342117e-02 9.71765816e-01]
 [4.23838913e-01 5.76161087e-01]
 [5.02145886e-02 9.49785352e-01]
 [1.98243216e-01 8.01756799e-01]
 [4.38126087e-01 5.61873913e-01]
 [1.53215602e-01 8.46784413e-01]
 [9.78640735e-01 2.13593096e-02]
 [1.57992058e-02 9.84200776e-01]
 [1.02274194e-01 8.97725880e-01]
 [9.79264975e-01 2.07349919e-02]
 [9.79517698e-01 2.04823259e-02]
 [1.09686770e-01 8.90313268e-01]
 [9.45666254e-01 5.43337800e-02]
 [4.39384341e-01 5.60615599e-01]
 [9.90986109e-01 9.01385862e-03]
 [2.74289727e-01 7.25710273e-01]
 [3.17733467e-01 6.82266593e-01]
 [7.02238381e-01 2.97761649e-01]
 [1.31329760e-01 8.68670285e-01]
 [9.21377718e-01 7.86222517e-02]
 [9.81880188e-01 1.81198511e-02]
 [8.09078738e-02 9.19092119e-01]
 [8.95594478e-01 1.04405515e-01]
 [1.80777702e-02 9.81922269e-01]
 [4.31934565e-01 5.68065405e-01]
 [3.20681542e-01 6.79318428e-01]
 [4.49515283e-02 9.55048442e-01]
 [4.14699689e-02 9.58530009e-01]
 [1.11173190e-01 8.88826847e-01]
 [9.86651897e-01 1.33481510e-02]
 [1.45395100e-01 8.54604959e-01]
 [8.90590131e-01 1.09409869e-01]
 [9.78848431e-03 9.90211546e-01]
 [1.38551379e-02 9.86144900e-01]
 [2.85942461e-02 9.71405685e-01]
 [8.10812507e-03 9.91891861e-01]
 [1.53497383e-02 9.84650314e-01]
 [9.51122880e-01 4.88770828e-02]
 [6.58864677e-01 3.41135293e-01]
 [1.02679700e-01 8.97320330e-01]
 [7.10796798e-03 9.92892027e-01]
 [1.50020048e-01 8.49979877e-01]
 [2.84218360e-02 9.71578181e-01]
 [1.18795343e-01 8.81204605e-01]
 [5.57608306e-01 4.42391723e-01]
 [4.70805019e-02 9.52919543e-01]
 [7.50482321e-01 2.49517649e-01]
 [5.73948994e-02 9.42605138e-01]
 [2.38405671e-02 9.76159513e-01]
 [9.68826771e-01 3.11732255e-02]
 [9.24537301e-01 7.54626691e-02]
 [2.40593344e-01 7.59406686e-01]
 [4.13550258e-01 5.86449742e-01]
 [7.58021951e-01 2.41978049e-01]
 [9.96089220e-01 3.91083909e-03]
 [1.91675082e-01 8.08324933e-01]
 [2.22502332e-02 9.77749765e-01]
 [6.41578019e-01 3.58422041e-01]
 [4.03389156e-01 5.96610785e-01]
 [9.01593685e-01 9.84062850e-02]
 [9.12744045e-01 8.72559696e-02]
 [6.17772862e-02 9.38222706e-01]
 [8.28645825e-01 1.71354160e-01]
 [2.47139540e-02 9.75286067e-01]
 [9.10313666e-01 8.96863565e-02]
 [1.53221011e-01 8.46778929e-01]
 [1.70953646e-01 8.29046369e-01]
 [3.39498669e-01 6.60501361e-01]
 [5.63850254e-02 9.43615019e-01]
 [9.86712933e-01 1.32870348e-02]
 [2.44574752e-02 9.75542486e-01]
 [9.54504013e-01 4.54960093e-02]
 [3.42405215e-02 9.65759456e-01]
 [2.36202836e-01 7.63797164e-01]
 [3.15773450e-02 9.68422651e-01]
 [2.64914650e-02 9.73508537e-01]
 [2.69739586e-03 9.97302532e-01]
 [9.67802227e-01 3.21977735e-02]
 [8.93423140e-01 1.06576845e-01]
 [1.10234236e-02 9.88976538e-01]
 [1.63021050e-02 9.83697951e-01]
 [1.26429886e-01 8.73570085e-01]
 [2.56386101e-02 9.74361420e-01]
 [3.45629871e-01 6.54370189e-01]
 [4.79191810e-01 5.20808160e-01]
 [2.38436833e-02 9.76156294e-01]
 [9.70356107e-01 2.96439026e-02]
 [3.94668430e-02 9.60533142e-01]
 [2.58318000e-02 9.74168181e-01]
 [9.92770374e-01 7.22963503e-03]
 [9.70942020e-01 2.90579684e-02]
 [2.19901130e-01 7.80098855e-01]
 [4.43055838e-01 5.56944132e-01]
 [7.65194833e-01 2.34805197e-01]
 [9.94160831e-01 5.83919976e-03]
 [1.80816710e-01 8.19183290e-01]
 [1.79248825e-02 9.82075155e-01]
 [4.69756007e-01 5.30243993e-01]
 [3.55678499e-01 6.44321442e-01]
 [9.04061079e-01 9.59389731e-02]
 [9.95232165e-01 4.76786820e-03]
 [5.72512709e-02 9.42748666e-01]
 [9.23622370e-01 7.63775781e-02]
 [8.94511044e-02 9.10548866e-01]
 [7.07172096e-01 2.92827934e-01]
 [2.23650739e-01 7.76349247e-01]
 [1.09862536e-01 8.90137434e-01]
 [1.44643942e-03 9.98553574e-01]
 [3.61153275e-01 6.38846695e-01]
 [9.21061099e-01 7.89389610e-02]
 [3.62864137e-02 9.63713527e-01]
 [9.56594229e-01 4.34057862e-02]
 [5.09651704e-03 9.94903445e-01]
 [8.65887776e-02 9.13411260e-01]
 [3.02816983e-02 9.69718277e-01]
 [9.93142743e-03 9.90068495e-01]
 [4.79009837e-01 5.20990133e-01]
 [6.68401480e-01 3.31598520e-01]
 [5.91165900e-01 4.08834100e-01]
 [7.16056966e-04 9.99283969e-01]
 [4.29381669e-01 5.70618331e-01]
 [4.56320316e-01 5.43679714e-01]
 [7.63483695e-04 9.99236584e-01]
 [7.97438502e-01 2.02561483e-01]
 [3.51150900e-01 6.48849130e-01]
 [1.18557410e-02 9.88144279e-01]
 [1.82087254e-02 9.81791258e-01]
 [7.79118249e-03 9.92208838e-01]
 [2.63808258e-02 9.73619103e-01]
 [9.77972627e-01 2.20273640e-02]
 [1.18198238e-01 8.81801724e-01]
 [5.98609746e-02 9.40139055e-01]
 [8.35041404e-02 9.16495860e-01]
 [4.73247498e-01 5.26752532e-01]
 [2.82981783e-01 7.17018247e-01]
 [2.44168133e-01 7.55831897e-01]
 [8.69635900e-04 9.99130428e-01]
 [3.25535834e-01 6.74464226e-01]
 [5.59210956e-01 4.40789044e-01]
 [4.30510640e-02 9.56948996e-01]
 [7.62173057e-01 2.37826943e-01]
 [2.39410903e-02 9.76058960e-01]
 [1.47497386e-01 8.52502644e-01]
 [2.33794097e-02 9.76620555e-01]
 [9.42345187e-02 9.05765414e-01]
 [8.12946796e-01 1.87053174e-01]
 [7.13883340e-01 2.86116660e-01]
 [9.06416103e-02 9.09358323e-01]
 [1.34578407e-01 8.65421653e-01]
 [8.91757071e-01 1.08242929e-01]
 [1.67734712e-01 8.32265258e-01]
 [2.84538623e-02 9.71546113e-01]
 [1.34936482e-01 8.65063548e-01]
 [4.74488705e-01 5.25511324e-01]
 [4.22902554e-02 9.57709730e-01]
 [1.34630557e-02 9.86536860e-01]
 [2.10170776e-01 7.89829254e-01]
 [8.88076186e-01 1.11923777e-01]
 [1.93202328e-02 9.80679750e-01]
 [1.20490054e-02 9.87950981e-01]
 [5.86011156e-04 9.99413967e-01]
 [3.88954431e-01 6.11045539e-01]
 [3.22971237e-03 9.96770263e-01]
 [1.43564288e-02 9.85643506e-01]
 [1.50689498e-01 8.49310517e-01]
 [5.85583001e-02 9.41441715e-01]
 [2.13553961e-02 9.78644609e-01]
 [3.60754915e-02 9.63924527e-01]
 [3.86905037e-02 9.61309552e-01]
 [8.91805232e-01 1.08194798e-01]
 [4.67942327e-01 5.32057643e-01]
 [2.86386833e-02 9.71361279e-01]
 [4.49787349e-01 5.50212622e-01]
 [8.20731163e-01 1.79268837e-01]
 [2.21187130e-01 7.78812826e-01]
 [6.03423715e-02 9.39657569e-01]
 [8.70297432e-01 1.29702583e-01]
 [8.48627627e-01 1.51372388e-01]
 [8.34242105e-01 1.65757895e-01]
 [2.86438782e-02 9.71356094e-01]
 [2.95726329e-01 7.04273701e-01]
 [5.70608675e-01 4.29391384e-01]
 [7.64574051e-01 2.35426024e-01]
 [1.00073092e-01 8.99926960e-01]
 [9.83706936e-02 9.01629329e-01]
 [1.12007819e-02 9.88799274e-01]
 [5.41229919e-02 9.45877016e-01]
 [2.69292146e-01 7.30707824e-01]
 [6.31497800e-01 3.68502259e-01]
 [9.43516910e-01 5.64830713e-02]
 [4.36799228e-02 9.56320047e-01]
 [9.57407236e-01 4.25927825e-02]
 [2.95853224e-02 9.70414698e-01]
 [7.79607845e-03 9.92203951e-01]
 [6.84892619e-03 9.93151069e-01]
 [1.11826127e-02 9.88817453e-01]
 [9.74131227e-02 9.02586877e-01]
 [1.83182225e-01 8.16817760e-01]
 [5.21509163e-03 9.94784892e-01]
 [1.72165379e-01 8.27834606e-01]
 [2.43706536e-03 9.97562885e-01]
 [7.03078285e-02 9.29692209e-01]
 [1.20856436e-02 9.87914383e-01]
 [3.87300029e-02 9.61269975e-01]
 [9.01769280e-01 9.82306451e-02]
 [6.79552734e-01 3.20447266e-01]
 [9.14773941e-01 8.52260664e-02]
 [2.05153264e-02 9.79484618e-01]
 [5.83159387e-01 4.16840553e-01]
 [4.65797275e-01 5.34202754e-01]
 [9.31425273e-01 6.85746670e-02]
 [3.33790891e-02 9.66620922e-01]
 [1.91476047e-01 8.08523953e-01]
 [5.09672463e-02 9.49032784e-01]
 [9.07931507e-01 9.20685306e-02]
 [6.78243816e-01 3.21756124e-01]
 [1.70850265e-03 9.98291552e-01]
 [8.02315101e-02 9.19768512e-01]
 [6.12677515e-01 3.87322456e-01]
 [1.08433172e-01 8.91566873e-01]
 [1.32780015e-01 8.67219925e-01]
 [2.25769472e-03 9.97742295e-01]
 [5.52630723e-01 4.47369337e-01]
 [5.63507318e-01 4.36492711e-01]
 [1.65229708e-01 8.34770262e-01]
 [4.43025142e-01 5.56974828e-01]]