The probability labels are:
[[1.00000000e+00 8.70250649e-10]
 [1.00000000e+00 3.96744256e-20]
 [5.04434979e-07 9.99999523e-01]
 [1.00000000e+00 1.85888300e-08]
 [9.99905467e-01 9.44770291e-05]
 [1.00000000e+00 1.98033279e-09]
 [9.99998808e-01 1.23140546e-06]
 [6.33113235e-02 9.36688662e-01]
 [6.89970079e-07 9.99999285e-01]
 [1.00000000e+00 1.24728228e-10]
 [9.99997854e-01 2.18250489e-06]
 [1.00000000e+00 4.97088412e-11]
 [1.00000000e+00 3.84704740e-10]
 [9.99845743e-01 1.54218025e-04]
 [4.15587635e-07 9.99999642e-01]
 [1.00000000e+00 4.34618487e-13]
 [1.00000000e+00 4.91957953e-16]
 [1.00000000e+00 2.34602271e-09]
 [1.00000000e+00 2.97670950e-11]
 [1.00000000e+00 4.43067561e-15]
 [4.67914151e-06 9.99995351e-01]
 [6.53664544e-02 9.34633553e-01]
 [1.00000000e+00 6.51939917e-12]
 [1.00000000e+00 2.87645385e-12]
 [1.00000000e+00 5.52186569e-18]
 [6.64924443e-01 3.35075527e-01]
 [1.00000000e+00 1.01672830e-08]
 [1.00000000e+00 1.17499521e-12]
 [1.03600956e-01 8.96399021e-01]
 [1.00000000e+00 3.35335017e-17]
 [4.63518157e-09 1.00000000e+00]
 [9.80072021e-01 1.99279450e-02]
 [1.00000000e+00 2.53690922e-11]
 [1.00000000e+00 8.79965345e-09]
 [8.09167802e-01 1.90832183e-01]
 [9.97635722e-01 2.36432860e-03]
 [1.00000000e+00 1.00563287e-19]
 [1.00000000e+00 9.79985610e-15]
 [9.96511757e-01 3.48830898e-03]
 [9.99968410e-01 3.15612670e-05]
 [9.99905467e-01 9.44901767e-05]
 [9.95102048e-01 4.89791669e-03]
 [2.45511361e-10 1.00000000e+00]
 [1.00000000e+00 2.00448280e-09]
 [1.00000000e+00 2.69734068e-10]
 [5.73998988e-01 4.26001012e-01]
 [3.65521002e-04 9.99634504e-01]
 [1.00000000e+00 3.53235887e-13]
 [1.00000000e+00 3.31776122e-17]
 [4.12565219e-04 9.99587476e-01]
 [1.45570160e-08 1.00000000e+00]
 [1.00000000e+00 1.71353762e-13]
 [9.11776781e-01 8.82232636e-02]
 [9.99997854e-01 2.15152068e-06]
 [1.00000000e+00 6.49442468e-13]
 [1.00000000e+00 1.11011776e-10]
 [1.00000000e+00 3.79614227e-13]
 [6.85697138e-01 3.14302891e-01]
 [3.45327322e-07 9.99999642e-01]
 [1.00000000e+00 7.25685245e-09]
 [1.00000000e+00 3.72304167e-11]
 [1.00000000e+00 1.27722457e-16]
 [1.00000000e+00 2.00860266e-11]
 [9.98985708e-01 1.01423508e-03]
 [9.95191574e-01 4.80839424e-03]
 [9.99999881e-01 9.03997019e-08]
 [1.00000000e+00 7.52998011e-11]
 [1.00000000e+00 2.68563453e-11]
 [1.66061280e-08 1.00000000e+00]
 [9.81358588e-01 1.86414178e-02]
 [1.00000000e+00 6.55620918e-16]
 [1.00000000e+00 3.10709233e-20]
 [9.99881387e-01 1.18657110e-04]
 [6.22675605e-02 9.37732399e-01]
 [1.00000000e+00 9.67245650e-17]
 [1.00000000e+00 2.63980671e-10]
 [1.60216753e-11 1.00000000e+00]
 [4.06342053e-07 9.99999642e-01]
 [1.00000000e+00 4.22545430e-17]
 [1.72830941e-08 1.00000000e+00]
 [1.00000000e+00 2.51840931e-12]
 [9.99999404e-01 6.36303469e-07]
 [1.00000000e+00 1.93543336e-16]
 [9.99999166e-01 7.99556801e-07]
 [1.49184291e-06 9.99998450e-01]
 [9.43904638e-01 5.60953841e-02]
 [9.97350812e-01 2.64919014e-03]
 [9.99958158e-01 4.18549462e-05]
 [1.00000000e+00 2.04322135e-14]
 [2.86822324e-03 9.97131705e-01]
 [1.00000000e+00 9.33542910e-10]
 [1.00000000e+00 3.37107287e-11]
 [1.65808084e-03 9.98341918e-01]
 [1.00000000e+00 7.08031507e-13]
 [3.32582876e-12 1.00000000e+00]
 [1.52397668e-02 9.84760225e-01]
 [1.00000000e+00 5.55055446e-11]
 [1.50302600e-04 9.99849677e-01]
 [1.00000000e+00 2.65653922e-11]
 [1.00000000e+00 4.07065638e-16]
 [4.21291478e-02 9.57870901e-01]
 [1.08173280e-03 9.98918295e-01]
 [1.00000000e+00 9.03838160e-09]
 [1.00000000e+00 4.14949908e-10]
 [1.00000000e+00 5.66482221e-08]
 [9.99966145e-01 3.38453065e-05]
 [1.00000000e+00 1.25980959e-08]
 [2.70283196e-09 1.00000000e+00]
 [1.00000000e+00 1.86280129e-08]
 [1.00000000e+00 7.70862929e-09]
 [1.00000000e+00 4.40878752e-13]
 [1.00000000e+00 6.41241782e-11]
 [1.00000000e+00 2.87216722e-08]
 [4.94009465e-01 5.05990505e-01]
 [1.00000000e+00 1.78709478e-11]
 [1.00000000e+00 4.83323026e-09]
 [1.00000000e+00 4.21924357e-14]
 [9.97534156e-01 2.46579223e-03]
 [1.00000000e+00 2.30661334e-09]
 [1.00000000e+00 1.97874512e-11]
 [1.00000000e+00 1.12295927e-14]
 [1.00000000e+00 1.91546726e-11]
 [1.06311543e-10 1.00000000e+00]
 [1.00000000e+00 3.91903034e-16]
 [1.00000000e+00 2.26060819e-11]
 [1.00000000e+00 1.70214468e-11]
 [9.99997258e-01 2.71997760e-06]
 [1.00000000e+00 2.61459920e-08]
 [9.96978283e-01 3.02179297e-03]
 [1.82330186e-05 9.99981761e-01]
 [9.94750202e-01 5.24975453e-03]
 [9.99998569e-01 1.38134089e-06]
 [9.99999285e-01 7.09585152e-07]
 [1.03047108e-02 9.89695311e-01]
 [1.00000000e+00 1.25312382e-11]
 [1.00000000e+00 1.45810073e-18]
 [9.99405265e-01 5.94703248e-04]
 [3.34971588e-07 9.99999642e-01]
 [1.00000000e+00 5.32472178e-13]
 [3.03269573e-03 9.96967375e-01]
 [9.83875573e-01 1.61244515e-02]
 [9.99989390e-01 1.06130774e-05]
 [1.00000000e+00 5.04848073e-11]
 [1.00000000e+00 2.96086593e-11]
 [9.99781549e-01 2.18516929e-04]
 [9.99834776e-01 1.65220699e-04]
 [9.99998093e-01 1.85251395e-06]
 [9.99999881e-01 1.64074550e-07]
 [1.00000000e+00 8.93972721e-13]
 [1.00000000e+00 3.31960208e-14]
 [9.99990940e-01 9.03102409e-06]
 [9.96447131e-02 9.00355220e-01]
 [1.00000000e+00 4.91814445e-12]
 [1.00000000e+00 6.12874118e-13]
 [1.00000000e+00 3.16185934e-13]
 [9.99994755e-01 5.27341444e-06]
 [4.73584585e-08 1.00000000e+00]
 [9.99999881e-01 1.51016408e-07]
 [1.00000000e+00 1.26966295e-13]
 [1.00000000e+00 6.12104278e-09]
 [1.13242781e-02 9.88675714e-01]
 [1.00000000e+00 2.14058117e-16]
 [9.99999881e-01 7.13129253e-08]
 [2.60545509e-11 1.00000000e+00]
 [3.03177330e-06 9.99997020e-01]
 [1.00000000e+00 7.41556816e-12]
 [1.75420656e-09 1.00000000e+00]
 [9.99438226e-01 5.61814697e-04]
 [9.75572348e-01 2.44277045e-02]
 [9.99999881e-01 7.23068752e-08]
 [2.79574050e-03 9.97204244e-01]
 [4.85906005e-01 5.14093995e-01]
 [9.99996424e-01 3.60129297e-06]
 [9.60559011e-01 3.94409746e-02]
 [9.99917269e-01 8.27346084e-05]
 [1.00000000e+00 4.32988453e-17]
 [1.37608033e-02 9.86239135e-01]
 [1.00000000e+00 7.33881272e-12]
 [9.99998450e-01 1.52980112e-06]
 [9.99971867e-01 2.80771874e-05]
 [1.00000000e+00 5.25926858e-08]
 [1.55089549e-06 9.99998450e-01]
 [5.67104027e-04 9.99432862e-01]
 [9.99915481e-01 8.45213581e-05]
 [1.09714746e-01 8.90285254e-01]
 [1.00000000e+00 5.44747364e-12]
 [1.00000000e+00 5.12303133e-09]
 [9.99999046e-01 9.74200134e-07]
 [1.40290911e-06 9.99998569e-01]
 [1.00000000e+00 7.46443463e-10]
 [1.00000000e+00 2.15763144e-14]
 [9.99837518e-01 1.62506461e-04]
 [9.99580085e-01 4.19943215e-04]
 [9.99996781e-01 3.25639758e-06]
 [7.32285116e-07 9.99999285e-01]
 [9.98012900e-01 1.98704586e-03]
 [9.99999881e-01 8.97561137e-08]
 [1.00000000e+00 7.31255112e-10]
 [1.00000000e+00 3.04653573e-13]
 [1.00000000e+00 3.24923732e-09]
 [9.99790490e-01 2.09574340e-04]
 [1.00000000e+00 3.16306321e-11]
 [9.99981880e-01 1.81241485e-05]
 [1.00000000e+00 2.06519087e-13]
 [4.27025458e-04 9.99572933e-01]
 [9.99988794e-01 1.11951931e-05]
 [1.00000000e+00 1.65314500e-08]
 [1.00000000e+00 1.59505875e-09]
 [1.00000000e+00 1.62337566e-09]
 [1.03420938e-09 1.00000000e+00]
 [1.00000000e+00 1.10204969e-15]
 [1.00000000e+00 5.15042287e-10]
 [9.94493246e-01 5.50673436e-03]
 [9.98838365e-01 1.16163283e-03]
 [9.99999285e-01 7.25239204e-07]
 [9.99088645e-01 9.11390700e-04]
 [2.34273957e-05 9.99976516e-01]
 [8.81059885e-01 1.18940078e-01]
 [1.00000000e+00 1.23052073e-19]
 [3.71722202e-03 9.96282756e-01]
 [2.41552140e-13 1.00000000e+00]
 [9.99997497e-01 2.48069091e-06]
 [1.00000000e+00 3.53526853e-14]
 [9.99999762e-01 2.26431482e-07]
 [5.67082882e-01 4.32917118e-01]
 [1.00000000e+00 9.88401694e-10]
 [6.81874037e-01 3.18125933e-01]
 [1.00000000e+00 4.88518985e-08]
 [1.00000000e+00 1.24636310e-08]
 [1.00000000e+00 7.02441855e-11]
 [1.00000000e+00 1.18323483e-13]
 [1.00000000e+00 4.93836474e-08]
 [1.20965602e-08 1.00000000e+00]
 [3.61741922e-06 9.99996424e-01]
 [1.00000000e+00 2.64213518e-09]
 [1.00000000e+00 6.00267580e-16]
 [1.00000000e+00 4.98370746e-12]
 [9.99929786e-01 7.02140169e-05]
 [3.08650727e-09 1.00000000e+00]
 [9.99101758e-01 8.98210157e-04]
 [1.00000000e+00 1.63746759e-11]
 [1.00000000e+00 1.65127927e-12]
 [9.99958754e-01 4.12612790e-05]
 [1.06816424e-06 9.99998927e-01]
 [1.00000000e+00 2.73387020e-15]
 [1.00000000e+00 1.97625180e-11]
 [9.99999881e-01 1.50935477e-07]
 [5.11551499e-01 4.88448441e-01]
 [1.00000000e+00 1.74037187e-10]
 [1.00000000e+00 5.92733987e-11]
 [1.67328457e-03 9.98326719e-01]
 [4.08284541e-06 9.99995947e-01]
 [9.99990463e-01 9.49344485e-06]
 [5.81391692e-01 4.18608308e-01]
 [1.00000000e+00 5.94033225e-11]
 [1.00000000e+00 3.81405663e-08]
 [1.00000000e+00 3.00243296e-14]
 [3.81236023e-05 9.99961853e-01]
 [9.99997020e-01 3.02549984e-06]
 [2.96637410e-07 9.99999762e-01]
 [9.98914838e-01 1.08518114e-03]]