The probability labels are:
[[0.50544095 0.49455905]
 [0.5054408  0.49455926]
 [0.50544065 0.49455935]
 [0.50544083 0.49455923]
 [0.50544095 0.49455905]
 [0.50544107 0.49455893]
 [0.50544083 0.49455917]
 [0.5054411  0.49455887]
 [0.5054407  0.4945593 ]
 [0.505441   0.494559  ]
 [0.50544107 0.494559  ]
 [0.5054412  0.4945588 ]
 [0.5054408  0.4945593 ]
 [0.50544065 0.4945594 ]
 [0.5054409  0.4945591 ]
 [0.50544125 0.49455875]
 [0.505441   0.49455905]
 [0.50544065 0.49455935]
 [0.5054408  0.49455923]
 [0.5054408  0.4945593 ]
 [0.5054412  0.4945588 ]
 [0.5054407  0.4945593 ]
 [0.50544107 0.49455893]
 [0.5054409  0.4945591 ]
 [0.505441   0.494559  ]
 [0.5054407  0.49455932]
 [0.5054413  0.49455866]
 [0.5054407  0.4945593 ]
 [0.505441   0.49455905]
 [0.50544065 0.49455935]
 [0.5054407  0.4945593 ]
 [0.5054409  0.4945591 ]
 [0.5054411  0.49455887]
 [0.5054408  0.49455923]
 [0.5054412  0.4945588 ]
 [0.5054408  0.49455923]
 [0.5054406  0.4945594 ]
 [0.5054411  0.49455887]
 [0.50544107 0.494559  ]
 [0.5054409  0.49455917]
 [0.5054407  0.49455932]
 [0.50544065 0.49455938]
 [0.5054409  0.4945591 ]
 [0.50544065 0.49455935]
 [0.50544053 0.49455947]
 [0.50544095 0.49455905]
 [0.50544083 0.49455923]
 [0.5054412  0.4945588 ]
 [0.50544107 0.49455893]
 [0.5054411  0.4945589 ]
 [0.50544095 0.49455905]
 [0.5054407  0.4945593 ]
 [0.5054408  0.49455926]
 [0.5054408  0.4945593 ]
 [0.5054412  0.49455884]
 [0.5054406  0.4945594 ]
 [0.5054413  0.49455866]
 [0.5054407  0.49455935]
 [0.5054412  0.49455884]
 [0.5054408  0.49455926]
 [0.5054409  0.4945591 ]
 [0.50544125 0.49455875]
 [0.50544107 0.49455893]
 [0.505441   0.494559  ]
 [0.5054407  0.49455935]
 [0.5054407  0.4945593 ]
 [0.50544095 0.49455905]
 [0.50544053 0.49455947]
 [0.5054407  0.49455935]
 [0.5054407  0.49455935]
 [0.505441   0.494559  ]
 [0.5054408  0.4945593 ]
 [0.5054408  0.49455926]
 [0.505441   0.49455905]
 [0.50544083 0.49455917]
 [0.5054407  0.49455935]
 [0.5054412  0.4945588 ]
 [0.50544065 0.49455935]
 [0.505441   0.494559  ]
 [0.505441   0.494559  ]
 [0.50544065 0.49455935]
 [0.5054408  0.49455923]
 [0.5054412  0.49455884]
 [0.5054411  0.49455887]
 [0.505441   0.49455905]
 [0.5054409  0.49455917]
 [0.50544065 0.4945594 ]
 [0.5054408  0.4945593 ]
 [0.50544125 0.49455875]
 [0.50544065 0.4945594 ]
 [0.505441   0.494559  ]
 [0.50544083 0.49455923]
 [0.5054412  0.4945588 ]
 [0.50544083 0.49455917]
 [0.50544065 0.49455935]
 [0.50544107 0.494559  ]
 [0.50544095 0.4945591 ]
 [0.5054408  0.49455923]
 [0.5054409  0.49455917]
 [0.50544065 0.49455938]
 [0.50544083 0.49455923]
 [0.5054409  0.4945591 ]
 [0.5054409  0.4945591 ]
 [0.5054412  0.4945588 ]
 [0.50544095 0.4945591 ]
 [0.5054407  0.49455932]
 [0.5054408  0.49455926]
 [0.50544107 0.494559  ]
 [0.50544107 0.49455893]
 [0.5054408  0.49455923]
 [0.50544095 0.49455905]
 [0.5054407  0.4945593 ]
 [0.50544083 0.49455917]
 [0.505441   0.494559  ]
 [0.505441   0.494559  ]
 [0.505441   0.494559  ]
 [0.50544107 0.49455893]
 [0.5054406  0.49455944]
 [0.505441   0.494559  ]
 [0.5054411  0.4945589 ]
 [0.5054408  0.4945593 ]
 [0.5054409  0.4945591 ]
 [0.50544095 0.49455905]
 [0.5054413  0.4945587 ]
 [0.50544083 0.49455917]
 [0.5054411  0.4945589 ]
 [0.5054408  0.49455926]
 [0.5054408  0.4945593 ]
 [0.50544125 0.49455875]
 [0.50544065 0.49455935]
 [0.50544065 0.49455938]
 [0.5054407  0.4945593 ]
 [0.50544125 0.49455872]
 [0.50544095 0.49455905]
 [0.505441   0.49455905]
 [0.5054408  0.4945593 ]
 [0.5054408  0.4945593 ]
 [0.5054407  0.49455935]
 [0.50544107 0.494559  ]
 [0.50544107 0.494559  ]
 [0.50544107 0.49455893]
 [0.50544107 0.494559  ]
 [0.50544065 0.4945594 ]
 [0.5054408  0.49455926]
 [0.5054411  0.4945589 ]
 [0.5054412  0.4945588 ]
 [0.5054406  0.49455944]
 [0.5054411  0.49455887]
 [0.50544083 0.49455923]
 [0.50544125 0.49455875]
 [0.5054408  0.49455923]
 [0.5054408  0.49455926]
 [0.5054411  0.4945589 ]
 [0.50544107 0.494559  ]
 [0.50544095 0.49455905]
 [0.50544095 0.49455905]
 [0.5054407  0.49455935]
 [0.50544083 0.49455917]
 [0.5054411  0.49455887]
 [0.5054412  0.4945588 ]
 [0.505441   0.49455905]
 [0.5054407  0.49455935]
 [0.505441   0.494559  ]
 [0.505441   0.494559  ]
 [0.5054409  0.4945591 ]
 [0.50544107 0.494559  ]
 [0.5054408  0.4945593 ]
 [0.5054408  0.4945593 ]
 [0.505441   0.494559  ]
 [0.50544083 0.49455917]
 [0.50544095 0.4945591 ]
 [0.505441   0.494559  ]
 [0.50544083 0.49455917]
 [0.50544095 0.49455905]
 [0.5054411  0.4945589 ]
 [0.50544065 0.4945594 ]
 [0.50544065 0.49455938]
 [0.5054406  0.49455947]
 [0.50544065 0.4945594 ]
 [0.50544083 0.49455923]
 [0.50544065 0.4945594 ]
 [0.5054408  0.4945593 ]
 [0.5054409  0.49455917]
 [0.5054411  0.4945589 ]
 [0.5054412  0.4945588 ]
 [0.50544125 0.49455875]
 [0.50544095 0.49455905]
 [0.5054412  0.49455884]
 [0.5054413  0.49455866]
 [0.50544107 0.494559  ]
 [0.5054407  0.49455935]
 [0.5054406  0.49455944]
 [0.5054406  0.49455944]
 [0.50544065 0.49455935]
 [0.50544107 0.49455893]
 [0.5054413  0.49455866]
 [0.50544095 0.49455905]
 [0.50544083 0.49455917]
 [0.50544125 0.49455875]
 [0.50544125 0.49455872]
 [0.50544137 0.4945586 ]
 [0.50544107 0.49455893]
 [0.50544083 0.49455923]
 [0.50544107 0.494559  ]
 [0.505441   0.494559  ]
 [0.5054406  0.49455944]
 [0.5054408  0.4945593 ]
 [0.50544095 0.49455905]
 [0.5054408  0.49455923]
 [0.5054409  0.4945591 ]
 [0.5054411  0.4945589 ]
 [0.50544125 0.49455872]
 [0.50544125 0.49455875]
 [0.5054411  0.49455887]
 [0.5054406  0.4945594 ]
 [0.5054408  0.49455926]
 [0.50544125 0.49455875]
 [0.5054406  0.4945594 ]
 [0.5054406  0.49455947]
 [0.5054412  0.4945588 ]
 [0.5054406  0.49455947]
 [0.5054406  0.49455944]
 [0.50544107 0.49455893]
 [0.50544083 0.49455923]
 [0.50544083 0.49455923]
 [0.5054406  0.4945594 ]
 [0.5054408  0.49455923]
 [0.50544083 0.49455917]
 [0.50544083 0.49455917]
 [0.5054407  0.49455935]
 [0.5054407  0.49455935]
 [0.505441   0.494559  ]
 [0.50544095 0.49455905]
 [0.505441   0.494559  ]
 [0.50544125 0.49455875]
 [0.5054409  0.4945591 ]
 [0.505441   0.49455905]
 [0.50544083 0.49455917]
 [0.5054409  0.4945591 ]
 [0.50544083 0.49455923]
 [0.50544095 0.4945591 ]
 [0.50544083 0.49455917]
 [0.50544065 0.49455938]
 [0.505441   0.49455905]
 [0.5054409  0.4945591 ]
 [0.5054407  0.4945593 ]
 [0.5054407  0.4945593 ]
 [0.50544065 0.4945594 ]
 [0.5054407  0.4945593 ]
 [0.50544083 0.49455923]
 [0.50544095 0.4945591 ]
 [0.5054413  0.4945587 ]
 [0.5054413  0.49455866]
 [0.5054407  0.49455932]
 [0.505441   0.494559  ]
 [0.50544095 0.49455905]
 [0.50544065 0.4945594 ]
 [0.50544095 0.4945591 ]
 [0.5054412  0.49455884]
 [0.50544095 0.49455905]
 [0.50544107 0.494559  ]]