The probability labels are:
[[7.94013560e-01 2.05986455e-01]
 [9.92155731e-01 7.84434658e-03]
 [4.14359987e-01 5.85640013e-01]
 [9.81154263e-01 1.88457798e-02]
 [9.76803780e-01 2.31962167e-02]
 [9.10487115e-01 8.95129591e-02]
 [8.38443935e-01 1.61556080e-01]
 [2.43022740e-01 7.56977201e-01]
 [7.17118859e-01 2.82881141e-01]
 [9.96188939e-01 3.81105440e-03]
 [4.43580687e-01 5.56419253e-01]
 [9.78723288e-01 2.12767255e-02]
 [9.97928500e-01 2.07143370e-03]
 [8.35793495e-01 1.64206445e-01]
 [6.75347507e-01 3.24652523e-01]
 [9.95905876e-01 4.09416063e-03]
 [9.91730034e-01 8.26998334e-03]
 [9.61920977e-01 3.80790122e-02]
 [9.53767478e-01 4.62325327e-02]
 [9.92707551e-01 7.29244202e-03]
 [5.58865428e-01 4.41134572e-01]
 [7.27526307e-01 2.72473663e-01]
 [9.92191851e-01 7.80814234e-03]
 [9.46096778e-01 5.39032444e-02]
 [9.95122135e-01 4.87781269e-03]
 [5.90067208e-01 4.09932792e-01]
 [7.18435526e-01 2.81564444e-01]
 [9.93070543e-01 6.92941155e-03]
 [9.32717860e-01 6.72821626e-02]
 [9.92741466e-01 7.25851208e-03]
 [7.97413707e-01 2.02586323e-01]
 [7.92925239e-01 2.07074791e-01]
 [9.78052974e-01 2.19470002e-02]
 [9.74335849e-01 2.56641302e-02]
 [9.51095939e-01 4.89041135e-02]
 [8.43648195e-01 1.56351864e-01]
 [9.99012470e-01 9.87526495e-04]
 [9.86381114e-01 1.36189014e-02]
 [9.66046989e-01 3.39530110e-02]
 [7.55882561e-01 2.44117424e-01]
 [8.86481881e-01 1.13518111e-01]
 [5.74643016e-01 4.25356925e-01]
 [4.74944562e-01 5.25055408e-01]
 [8.08487177e-01 1.91512808e-01]
 [9.86789763e-01 1.32102789e-02]
 [8.48311663e-01 1.51688278e-01]
 [6.77525043e-01 3.22474986e-01]
 [9.91714656e-01 8.28537438e-03]
 [9.94116783e-01 5.88322664e-03]
 [8.82597923e-01 1.17402010e-01]
 [1.36789024e-01 8.63210917e-01]
 [9.72396374e-01 2.76035536e-02]
 [8.06699455e-01 1.93300560e-01]
 [9.48669076e-01 5.13308980e-02]
 [9.65857744e-01 3.41421776e-02]
 [8.99068236e-01 1.00931749e-01]
 [9.80274498e-01 1.97254755e-02]
 [3.12778950e-01 6.87220991e-01]
 [4.49296348e-02 9.55070317e-01]
 [9.31688666e-01 6.83113262e-02]
 [9.90319788e-01 9.68017709e-03]
 [9.82160568e-01 1.78394280e-02]
 [9.83032107e-01 1.69679299e-02]
 [9.57610428e-01 4.23895605e-02]
 [7.95497715e-01 2.04502285e-01]
 [9.74868715e-01 2.51312498e-02]
 [9.47870433e-01 5.21295704e-02]
 [9.76456821e-01 2.35431828e-02]
 [8.78105044e-01 1.21894918e-01]
 [9.09259975e-01 9.07400623e-02]
 [9.91180003e-01 8.81996658e-03]
 [9.85197484e-01 1.48025053e-02]
 [9.93953288e-01 6.04666490e-03]
 [7.02121019e-01 2.97878981e-01]
 [9.96990681e-01 3.00927740e-03]
 [9.93659079e-01 6.34092791e-03]
 [3.72671276e-01 6.27328694e-01]
 [3.95179987e-01 6.04820013e-01]
 [9.91666257e-01 8.33379291e-03]
 [7.65713573e-01 2.34286398e-01]
 [9.91852105e-01 8.14788230e-03]
 [9.14564490e-01 8.54355171e-02]
 [9.88164306e-01 1.18357260e-02]
 [9.21060681e-01 7.89393336e-02]
 [9.33489949e-02 9.06651020e-01]
 [6.94121599e-01 3.05878371e-01]
 [3.85523558e-01 6.14476502e-01]
 [9.94661868e-01 5.33814961e-03]
 [9.92447972e-01 7.55202165e-03]
 [5.56089282e-01 4.43910748e-01]
 [9.78967726e-01 2.10322514e-02]
 [9.80108559e-01 1.98914725e-02]
 [9.66074228e-01 3.39257531e-02]
 [9.54626024e-01 4.53739390e-02]
 [2.35432595e-01 7.64567375e-01]
 [6.26530647e-01 3.73469353e-01]
 [9.97788906e-01 2.21108017e-03]
 [3.32214773e-01 6.67785227e-01]
 [9.98281717e-01 1.71835360e-03]
 [9.98938382e-01 1.06158655e-03]
 [6.67624056e-01 3.32375973e-01]
 [1.40319631e-01 8.59680355e-01]
 [9.87413406e-01 1.25865722e-02]
 [9.96456683e-01 3.54327098e-03]
 [9.86115336e-01 1.38846543e-02]
 [9.93691087e-01 6.30890345e-03]
 [9.95908737e-01 4.09125490e-03]
 [9.12877142e-01 8.71227980e-02]
 [9.76889849e-01 2.31101606e-02]
 [9.88313258e-01 1.16867516e-02]
 [9.97724831e-01 2.27516796e-03]
 [9.83789265e-01 1.62106492e-02]
 [9.27153766e-01 7.28462413e-02]
 [9.74708438e-01 2.52914969e-02]
 [9.92320716e-01 7.67933298e-03]
 [9.65088904e-01 3.49110477e-02]
 [9.97091532e-01 2.90848943e-03]
 [5.52808225e-01 4.47191775e-01]
 [9.86150444e-01 1.38495546e-02]
 [9.96885955e-01 3.11398972e-03]
 [9.83792782e-01 1.62072275e-02]
 [9.96176004e-01 3.82401864e-03]
 [4.14101511e-01 5.85898459e-01]
 [9.94661748e-01 5.33827581e-03]
 [9.94506419e-01 5.49355056e-03]
 [9.84476030e-01 1.55239375e-02]
 [9.63054836e-01 3.69451679e-02]
 [8.31725657e-01 1.68274343e-01]
 [7.28262246e-01 2.71737754e-01]
 [2.92361557e-01 7.07638443e-01]
 [9.00708973e-01 9.92910042e-02]
 [9.92917061e-01 7.08298152e-03]
 [9.70847309e-01 2.91526932e-02]
 [3.60444784e-01 6.39555216e-01]
 [9.98119414e-01 1.88058941e-03]
 [9.97906089e-01 2.09394400e-03]
 [7.84121156e-01 2.15878859e-01]
 [4.39726382e-01 5.60273588e-01]
 [9.82293785e-01 1.77061949e-02]
 [8.90131176e-01 1.09868817e-01]
 [9.46662366e-01 5.33376560e-02]
 [9.94060814e-01 5.93920844e-03]
 [9.89974082e-01 1.00258775e-02]
 [9.95478213e-01 4.52185888e-03]
 [9.59641457e-01 4.03585620e-02]
 [7.51778007e-01 2.48221979e-01]
 [9.90844667e-01 9.15526319e-03]
 [9.94115829e-01 5.88416960e-03]
 [9.89364862e-01 1.06351171e-02]
 [9.85135019e-01 1.48649691e-02]
 [8.82762969e-01 1.17236987e-01]
 [9.79091465e-01 2.09085625e-02]
 [9.81040537e-01 1.89594012e-02]
 [9.97191727e-01 2.80826306e-03]
 [9.95953560e-01 4.04644012e-03]
 [9.52351272e-01 4.76487502e-02]
 [9.65850532e-01 3.41494754e-02]
 [9.97624218e-01 2.37583625e-03]
 [9.91631687e-01 8.36836826e-03]
 [9.96370316e-01 3.62965767e-03]
 [9.49933827e-01 5.00662290e-02]
 [9.95037973e-01 4.96204756e-03]
 [9.95374978e-01 4.62510856e-03]
 [3.16822976e-01 6.83177054e-01]
 [9.34582293e-01 6.54176921e-02]
 [9.96426404e-01 3.57354013e-03]
 [3.18692952e-01 6.81307018e-01]
 [9.94724691e-01 5.27530536e-03]
 [9.78361785e-01 2.16381792e-02]
 [9.98653054e-01 1.34692213e-03]
 [8.99859071e-01 1.00140892e-01]
 [8.88294637e-01 1.11705363e-01]
 [9.54452872e-01 4.55471724e-02]
 [9.42138255e-01 5.78617305e-02]
 [8.82749796e-01 1.17250219e-01]
 [9.43948209e-01 5.60518391e-02]
 [8.97320986e-01 1.02679037e-01]
 [9.28095400e-01 7.19046146e-02]
 [9.71647620e-01 2.83523612e-02]
 [6.41415536e-01 3.58584464e-01]
 [8.58133912e-01 1.41866073e-01]
 [1.09536946e-01 8.90463054e-01]
 [3.88557434e-01 6.11442566e-01]
 [9.24261272e-01 7.57387429e-02]
 [1.85785905e-01 8.14214110e-01]
 [9.54509795e-01 4.54901904e-02]
 [8.54546964e-01 1.45453066e-01]
 [8.36073816e-01 1.63926154e-01]
 [7.32834190e-02 9.26716566e-01]
 [9.77399707e-01 2.26003435e-02]
 [9.81740892e-01 1.82591099e-02]
 [9.84030962e-01 1.59689933e-02]
 [9.74358499e-01 2.56414674e-02]
 [9.72430885e-01 2.75691338e-02]
 [3.68348479e-01 6.31651580e-01]
 [3.00140440e-01 6.99859500e-01]
 [6.94622397e-01 3.05377632e-01]
 [9.56821501e-01 4.31784876e-02]
 [8.97820592e-01 1.02179401e-01]
 [9.13183153e-01 8.68168622e-02]
 [8.57226789e-01 1.42773166e-01]
 [9.36618686e-01 6.33813292e-02]
 [7.47803330e-01 2.52196699e-01]
 [9.37075496e-01 6.29244819e-02]
 [2.14247480e-01 7.85752594e-01]
 [9.53698039e-01 4.63019349e-02]
 [9.29960668e-01 7.00392649e-02]
 [9.57034469e-01 4.29655425e-02]
 [9.41981375e-01 5.80186471e-02]
 [4.46792722e-01 5.53207278e-01]
 [8.87597442e-01 1.12402581e-01]
 [4.91871178e-01 5.08128822e-01]
 [4.94365335e-01 5.05634665e-01]
 [4.72501040e-01 5.27498960e-01]
 [9.82162535e-01 1.78374834e-02]
 [8.29344213e-01 1.70655757e-01]
 [3.35151672e-01 6.64848328e-01]
 [8.70725632e-01 1.29274368e-01]
 [9.95107770e-01 4.89226310e-03]
 [7.12409377e-01 2.87590683e-01]
 [5.59577167e-01 4.40422833e-01]
 [8.43296349e-01 1.56703576e-01]
 [9.94877279e-01 5.12274960e-03]
 [8.29138756e-01 1.70861274e-01]
 [4.16312426e-01 5.83687544e-01]
 [9.41278398e-01 5.87216169e-02]
 [6.04260325e-01 3.95739704e-01]
 [9.17907834e-01 8.20922405e-02]
 [9.73917663e-01 2.60823518e-02]
 [7.75299788e-01 2.24700198e-01]
 [9.91682410e-01 8.31751619e-03]
 [8.87218177e-01 1.12781800e-01]
 [3.26456726e-01 6.73543274e-01]
 [6.28750980e-01 3.71248990e-01]
 [9.69772756e-01 3.02272066e-02]
 [9.81418371e-01 1.85815617e-02]
 [8.42274189e-01 1.57725856e-01]
 [8.98128211e-01 1.01871833e-01]
 [7.45996892e-01 2.54003078e-01]
 [7.95318246e-01 2.04681754e-01]
 [9.50268924e-01 4.97310907e-02]
 [7.67350852e-01 2.32649133e-01]
 [9.90732014e-01 9.26800817e-03]
 [8.64791930e-01 1.35208055e-01]
 [9.82061267e-01 1.79387536e-02]
 [8.70260596e-01 1.29739389e-01]
 [9.84018266e-01 1.59817897e-02]
 [8.65696907e-01 1.34303153e-01]
 [8.38009953e-01 1.61990047e-01]
 [9.82103229e-01 1.78968161e-02]
 [1.65733695e-01 8.34266305e-01]
 [1.00713186e-01 8.99286866e-01]
 [9.76976216e-01 2.30238009e-02]
 [7.92596996e-01 2.07403004e-01]
 [8.87626588e-01 1.12373404e-01]
 [7.95487344e-01 2.04512626e-01]
 [9.92901087e-01 7.09893135e-03]
 [7.74352074e-01 2.25647897e-01]
 [4.38445695e-02 9.56155419e-01]
 [4.69680846e-01 5.30319154e-01]
 [8.61837745e-01 1.38162240e-01]]