The probability labels are:
[[0.9549517  0.04504828]
 [0.9797677  0.02023233]
 [0.9523776  0.04762238]
 [0.9561016  0.04389833]
 [0.95817256 0.04182743]
 [0.95525485 0.04474512]
 [0.9747117  0.02528829]
 [0.9109218  0.08907814]
 [0.95230955 0.04769047]
 [0.9638676  0.03613238]
 [0.94484127 0.05515869]
 [0.94761795 0.05238204]
 [0.9642169  0.03578311]
 [0.9546732  0.04532683]
 [0.94840336 0.05159665]
 [0.9622234  0.0377766 ]
 [0.9697645  0.03023555]
 [0.967342   0.03265805]
 [0.9642447  0.0357553 ]
 [0.97331154 0.02668847]
 [0.94857216 0.0514278 ]
 [0.96512145 0.03487851]
 [0.9678313  0.03216875]
 [0.9565835  0.04341644]
 [0.96515757 0.03484245]
 [0.95757383 0.04242624]
 [0.9513977  0.04860221]
 [0.97100115 0.02899882]
 [0.9501392  0.04986076]
 [0.9772485  0.02275152]
 [0.9488271  0.05117291]
 [0.9487281  0.05127192]
 [0.9484393  0.05156071]
 [0.9602349  0.03976507]
 [0.9373759  0.06262407]
 [0.95429426 0.0457058 ]
 [0.9725805  0.02741953]
 [0.9625604  0.03743962]
 [0.9504803  0.04951974]
 [0.95062095 0.04937911]
 [0.9421222  0.05787785]
 [0.95798534 0.04201467]
 [0.95042545 0.04957453]
 [0.9590428  0.04095718]
 [0.9627745  0.03722553]
 [0.95709777 0.04290216]
 [0.9436618  0.05633822]
 [0.9615263  0.03847369]
 [0.97881866 0.02118135]
 [0.9513696  0.04863038]
 [0.9479857  0.05201431]
 [0.97277033 0.02722969]
 [0.95640653 0.04359344]
 [0.9553314  0.04466868]
 [0.95199966 0.04800031]
 [0.9652242  0.03477579]
 [0.94832575 0.05167425]
 [0.9553997  0.04460036]
 [0.945786   0.05421406]
 [0.9560146  0.0439855 ]
 [0.9707781  0.02922191]
 [0.9534509  0.04654904]
 [0.9575805  0.04241946]
 [0.9638187  0.03618131]
 [0.96282786 0.03717216]
 [0.9643163  0.03568369]
 [0.9597768  0.04022316]
 [0.9572725  0.04272743]
 [0.96798587 0.03201409]
 [0.9696489  0.03035115]
 [0.9709873  0.02901265]
 [0.9717405  0.02825948]
 [0.96476835 0.03523163]
 [0.9471632  0.05283678]
 [0.975115   0.02488507]
 [0.9675341  0.03246589]
 [0.92783844 0.07216153]
 [0.96217936 0.03782061]
 [0.9746343  0.02536578]
 [0.93842655 0.06157349]
 [0.9672248  0.03277517]
 [0.9620733  0.03792662]
 [0.95400816 0.04599188]
 [0.94962347 0.05037651]
 [0.9412392  0.05876084]
 [0.958684   0.04131595]
 [0.95004255 0.04995744]
 [0.9653495  0.03465049]
 [0.96708083 0.03291918]
 [0.9552277  0.04477235]
 [0.95921266 0.04078734]
 [0.96478134 0.03521862]
 [0.9554755  0.04452447]
 [0.96868646 0.03131347]
 [0.934093   0.06590707]
 [0.95754355 0.04245649]
 [0.9632395  0.03676046]
 [0.9598465  0.04015352]
 [0.9666512  0.03334877]
 [0.9729888  0.02701127]
 [0.95355344 0.04644653]
 [0.9614977  0.03850233]
 [0.97234565 0.02765431]
 [0.95436513 0.04563488]
 [0.97367585 0.02632416]
 [0.96228856 0.03771148]
 [0.96958363 0.0304164 ]
 [0.9584365  0.04156353]
 [0.96086854 0.03913151]
 [0.97259414 0.02740585]
 [0.9640907  0.0359093 ]
 [0.9583113  0.04168866]
 [0.9562553  0.0437447 ]
 [0.9447674  0.05523257]
 [0.96391475 0.03608526]
 [0.96140206 0.03859798]
 [0.9664773  0.03352278]
 [0.9531739  0.04682615]
 [0.9532119  0.04678811]
 [0.9641637  0.03583624]
 [0.9751057  0.02489429]
 [0.9642672  0.03573277]
 [0.943988   0.05601193]
 [0.9624522  0.03754788]
 [0.962954   0.03704598]
 [0.9592635  0.04073646]
 [0.95292884 0.04707112]
 [0.9654467  0.03455327]
 [0.94720984 0.05279015]
 [0.95114756 0.04885242]
 [0.9663774  0.03362265]
 [0.97382176 0.02617822]
 [0.9508635  0.04913652]
 [0.9496537  0.05034634]
 [0.9657706  0.03422938]
 [0.97490406 0.02509592]
 [0.96393824 0.03606181]
 [0.9509617  0.04903828]
 [0.96476185 0.03523822]
 [0.9582841  0.04171591]
 [0.95224    0.04775996]
 [0.9637681  0.03623181]
 [0.96565944 0.03434063]
 [0.9738012  0.02619876]
 [0.95164996 0.04834998]
 [0.947879   0.05212098]
 [0.9603743  0.0396257 ]
 [0.96184456 0.03815541]
 [0.9609022  0.03909779]
 [0.96548927 0.03451078]
 [0.9676628  0.03233718]
 [0.96965706 0.03034299]
 [0.9618964  0.03810358]
 [0.96364814 0.03635184]
 [0.96524596 0.03475404]
 [0.96905375 0.03094624]
 [0.968809   0.03119098]
 [0.9738564  0.02614367]
 [0.95716506 0.0428349 ]
 [0.95680773 0.04319229]
 [0.95449835 0.0455016 ]
 [0.97414327 0.02585671]
 [0.96988004 0.03011993]
 [0.9585954  0.04140465]
 [0.9570695  0.04293048]
 [0.9637721  0.03622782]
 [0.93668115 0.0633189 ]
 [0.9624685  0.03753151]
 [0.97082597 0.029174  ]
 [0.9686203  0.03137975]
 [0.96483517 0.03516477]
 [0.9570883  0.04291172]
 [0.96084803 0.039152  ]
 [0.95616114 0.04383891]
 [0.9277629  0.0722371 ]
 [0.9455411  0.05445896]
 [0.8973229  0.10267713]
 [0.9324251  0.06757487]
 [0.91815686 0.08184309]
 [0.9204685  0.07953143]
 [0.93940514 0.06059483]
 [0.93441534 0.06558464]
 [0.9248247  0.07517532]
 [0.92120767 0.07879232]
 [0.8922939  0.10770611]
 [0.9333838  0.06661613]
 [0.94074225 0.0592577 ]
 [0.91481984 0.08518013]
 [0.89230675 0.10769322]
 [0.9186376  0.08136246]
 [0.95111287 0.0488872 ]
 [0.9361992  0.06380083]
 [0.9379232  0.06207681]
 [0.9311794  0.06882053]
 [0.9132204  0.08677956]
 [0.92577064 0.07422929]
 [0.93035954 0.06964052]
 [0.93395364 0.06604633]
 [0.9175078  0.08249217]
 [0.91922456 0.08077545]
 [0.9135588  0.0864412 ]
 [0.92268205 0.07731798]
 [0.9457867  0.05421329]
 [0.9438976  0.05610242]
 [0.9129331  0.08706688]
 [0.93054456 0.06945544]
 [0.9459421  0.05405786]
 [0.92767286 0.07232713]
 [0.94448936 0.05551059]
 [0.9026732  0.09732677]
 [0.9518595  0.04814054]
 [0.9197255  0.08027457]
 [0.9192017  0.08079835]
 [0.9227498  0.07725015]
 [0.93477166 0.06522841]
 [0.94572794 0.05427207]
 [0.93823344 0.06176658]
 [0.9053718  0.09462826]
 [0.94386894 0.05613105]
 [0.92039996 0.07960002]
 [0.91212785 0.08787211]
 [0.9344504  0.06554955]
 [0.95496213 0.04503786]
 [0.94274426 0.05725571]
 [0.8969845  0.10301553]
 [0.93546164 0.06453842]
 [0.93146336 0.06853669]
 [0.9399923  0.06000766]
 [0.9250031  0.07499691]
 [0.920631   0.07936899]
 [0.9363201  0.06367987]
 [0.9227483  0.07725167]
 [0.90789497 0.09210502]
 [0.8915314  0.10846863]
 [0.91874677 0.08125319]
 [0.9489821  0.05101795]
 [0.94485277 0.05514723]
 [0.93165046 0.06834948]
 [0.918255   0.08174508]
 [0.94306964 0.0569304 ]
 [0.9347152  0.06528482]
 [0.958394   0.04160595]
 [0.9185065  0.08149344]
 [0.90592456 0.09407536]
 [0.94697165 0.0530284 ]
 [0.9281033  0.07189673]
 [0.95007753 0.04992246]
 [0.93413854 0.06586151]
 [0.95648336 0.04351657]
 [0.9495203  0.0504797 ]
 [0.96032196 0.03967801]
 [0.91227317 0.0877268 ]
 [0.9141851  0.08581487]
 [0.9200516  0.07994842]
 [0.93910867 0.06089131]
 [0.94225025 0.05774976]
 [0.9319731  0.06802684]
 [0.9195698  0.08043017]
 [0.9038298  0.09617016]
 [0.90784025 0.09215973]
 [0.9110897  0.0889103 ]]