The probability labels are:
[[0.95235765 0.04764237]
 [0.9937382  0.00626188]
 [0.5773489  0.42265108]
 [0.98034567 0.01965433]
 [0.92076063 0.07923938]
 [0.90767866 0.0923214 ]
 [0.9503759  0.04962409]
 [0.46861827 0.53138167]
 [0.8658797  0.13412027]
 [0.9649204  0.03507956]
 [0.7265836  0.27341646]
 [0.95075345 0.04924656]
 [0.99183196 0.00816804]
 [0.95215094 0.04784905]
 [0.5778303  0.4221697 ]
 [0.98778695 0.01221303]
 [0.99460727 0.00539271]
 [0.937928   0.06207196]
 [0.9727122  0.02728778]
 [0.9867454  0.01325454]
 [0.6689553  0.33104467]
 [0.96279174 0.03720825]
 [0.9602374  0.03976264]
 [0.9858364  0.01416363]
 [0.98393744 0.01606251]
 [0.97308594 0.02691406]
 [0.9519114  0.04808862]
 [0.9747277  0.02527234]
 [0.9615568  0.0384432 ]
 [0.99542564 0.00457436]
 [0.7962517  0.2037483 ]
 [0.9404381  0.05956189]
 [0.98269224 0.01730772]
 [0.9565584  0.04344158]
 [0.9586506  0.04134938]
 [0.89664173 0.1033583 ]
 [0.990564   0.00943603]
 [0.9925303  0.0074697 ]
 [0.9776063  0.02239371]
 [0.9497515  0.05024851]
 [0.93083483 0.06916516]
 [0.67858464 0.3214154 ]
 [0.66415733 0.33584267]
 [0.8809737  0.1190263 ]
 [0.98224866 0.01775135]
 [0.9229861  0.07701391]
 [0.941855   0.058145  ]
 [0.9912191  0.00878087]
 [0.99678266 0.00321733]
 [0.94005805 0.05994193]
 [0.72649896 0.27350107]
 [0.98103434 0.01896559]
 [0.93032783 0.0696722 ]
 [0.9660976  0.03390244]
 [0.98078215 0.0192179 ]
 [0.92049986 0.07950013]
 [0.97253674 0.02746321]
 [0.9131242  0.0868758 ]
 [0.42382187 0.57617813]
 [0.95378894 0.04621103]
 [0.9883837  0.01161636]
 [0.9800878  0.01991219]
 [0.9794924  0.02050761]
 [0.9384219  0.06157803]
 [0.9119052  0.08809473]
 [0.96087295 0.03912713]
 [0.9839565  0.01604352]
 [0.97871757 0.0212824 ]
 [0.8459776  0.15402241]
 [0.9286197  0.07138028]
 [0.9893812  0.01061883]
 [0.99535996 0.00464001]
 [0.9840814  0.01591862]
 [0.92727005 0.07272996]
 [0.996358   0.00364197]
 [0.9771518  0.02284817]
 [0.7622414  0.23775859]
 [0.7558533  0.24414673]
 [0.9945867  0.00541331]
 [0.8543011  0.14569895]
 [0.98418427 0.01581575]
 [0.9805195  0.01948048]
 [0.98825896 0.01174107]
 [0.94687927 0.05312068]
 [0.4556589  0.5443411 ]
 [0.8342056  0.16579439]
 [0.81885535 0.18114462]
 [0.9694726  0.03052739]
 [0.9854189  0.01458112]
 [0.58415574 0.41584426]
 [0.9700181  0.0299819 ]
 [0.97236437 0.02763557]
 [0.93819386 0.06180611]
 [0.95959514 0.04040486]
 [0.32719076 0.67280924]
 [0.73689693 0.2631031 ]
 [0.98310596 0.01689408]
 [0.5812919  0.4187081 ]
 [0.9675492  0.03245081]
 [0.99564904 0.00435092]
 [0.93152523 0.0684748 ]
 [0.63625234 0.36374766]
 [0.96916884 0.03083115]
 [0.98204845 0.01795156]
 [0.9790699  0.02093014]
 [0.98421913 0.01578083]
 [0.96349007 0.03650996]
 [0.83170795 0.16829206]
 [0.9216469  0.07835309]
 [0.987978   0.01202206]
 [0.9891739  0.01082606]
 [0.9849391  0.01506095]
 [0.9727349  0.02726512]
 [0.9757033  0.02429674]
 [0.97933245 0.02066756]
 [0.93462074 0.06537922]
 [0.988374   0.01162599]
 [0.8438995  0.15610057]
 [0.9810238  0.01897625]
 [0.98814183 0.01185809]
 [0.99452645 0.00547353]
 [0.980966   0.01903405]
 [0.766532   0.23346801]
 [0.99488384 0.0051161 ]
 [0.98585224 0.01414775]
 [0.96136385 0.03863622]
 [0.98325527 0.01674474]
 [0.95792043 0.0420796 ]
 [0.8821158  0.11788424]
 [0.75534654 0.24465351]
 [0.9021474  0.09785254]
 [0.992729   0.00727096]
 [0.96685934 0.03314069]
 [0.6391951  0.3608049 ]
 [0.9854478  0.01455217]
 [0.99663603 0.00336394]
 [0.8331322  0.1668678 ]
 [0.58193433 0.4180656 ]
 [0.9897859  0.01021408]
 [0.95978653 0.04021354]
 [0.9757875  0.02421249]
 [0.98078257 0.01921736]
 [0.9855401  0.01445993]
 [0.99054223 0.00945781]
 [0.9619287  0.03807131]
 [0.7190944  0.28090557]
 [0.9781754  0.02182459]
 [0.9800908  0.01990915]
 [0.99454546 0.00545453]
 [0.9862307  0.01376934]
 [0.9495602  0.05043973]
 [0.9594334  0.04056658]
 [0.97335047 0.02664956]
 [0.9862738  0.01372617]
 [0.9906961  0.00930391]
 [0.9345612  0.06543886]
 [0.9645224  0.03547755]
 [0.9904512  0.00954876]
 [0.98366046 0.01633956]
 [0.9796901  0.02030991]
 [0.94912124 0.05087871]
 [0.99482405 0.00517591]
 [0.9812044  0.01879555]
 [0.85075754 0.14924243]
 [0.90011775 0.09988221]
 [0.98695314 0.01304688]
 [0.41736186 0.58263814]
 [0.98306054 0.01693947]
 [0.9702918  0.02970823]
 [0.99063057 0.00936946]
 [0.8649739  0.13502611]
 [0.9494578  0.05054217]
 [0.8469379  0.1530621 ]
 [0.91780436 0.08219562]
 [0.94140005 0.05859994]
 [0.978518   0.02148199]
 [0.2743513  0.7256487 ]
 [0.95158076 0.04841927]
 [0.7353879  0.2646121 ]
 [0.92754936 0.07245068]
 [0.9539312  0.04606876]
 [0.69697624 0.3030238 ]
 [0.8173922  0.18260789]
 [0.9279243  0.07207578]
 [0.8342753  0.16572472]
 [0.94723606 0.05276396]
 [0.95730424 0.04269572]
 [0.90011334 0.09988663]
 [0.83142716 0.16857287]
 [0.9082572  0.09174279]
 [0.98853856 0.01146139]
 [0.9575011  0.04249886]
 [0.9728081  0.02719184]
 [0.8586675  0.14133252]
 [0.7763765  0.22362356]
 [0.90643185 0.09356818]
 [0.9259637  0.07403627]
 [0.9433161  0.05668393]
 [0.94488484 0.05511522]
 [0.9269173  0.07308266]
 [0.9394002  0.06059982]
 [0.94403815 0.05596181]
 [0.7316204  0.2683796 ]
 [0.9559546  0.04404542]
 [0.754633   0.245367  ]
 [0.913848   0.08615206]
 [0.9701502  0.02984986]
 [0.9174779  0.08252209]
 [0.961937   0.03806296]
 [0.8359155  0.16408451]
 [0.974495   0.02550499]
 [0.96640766 0.03359231]
 [0.9283409  0.07165908]
 [0.86141205 0.1385879 ]
 [0.92823374 0.07176629]
 [0.593258   0.40674195]
 [0.79673886 0.20326109]
 [0.5107646  0.48923537]
 [0.97329336 0.02670666]
 [0.76952916 0.23047085]
 [0.6399175  0.3600825 ]
 [0.95726556 0.0427345 ]
 [0.9936075  0.0063925 ]
 [0.93047243 0.06952755]
 [0.48708013 0.51291984]
 [0.96145064 0.03854933]
 [0.49088797 0.50911206]
 [0.93751556 0.06248444]
 [0.91652143 0.08347856]
 [0.8657081  0.13429186]
 [0.9769174  0.02308257]
 [0.906205   0.09379499]
 [0.6481255  0.35187447]
 [0.7134528  0.28654712]
 [0.9565569  0.04344309]
 [0.9730576  0.02694238]
 [0.9281377  0.07186226]
 [0.9279665  0.07203353]
 [0.75197417 0.24802585]
 [0.9765019  0.02349813]
 [0.9536883  0.04631174]
 [0.988274   0.01172604]
 [0.7080661  0.29193383]
 [0.8697559  0.13024403]
 [0.9779025  0.02209748]
 [0.9031912  0.09680881]
 [0.9588986  0.04110145]
 [0.88143164 0.11856829]
 [0.96973383 0.03026616]
 [0.9352403  0.06475965]
 [0.68263113 0.31736892]
 [0.93028545 0.06971461]
 [0.95915395 0.04084606]
 [0.70124507 0.29875487]
 [0.92732483 0.07267523]
 [0.93924093 0.06075909]
 [0.96481866 0.03518131]
 [0.6846997  0.31530032]
 [0.7370948  0.26290518]
 [0.7574908  0.24250913]
 [0.85693395 0.143066  ]]