The probability labels are:
[[1.00000000e+00 0.00000000e+00]
 [1.00000000e+00 0.00000000e+00]
 [8.81206710e-03 9.91187930e-01]
 [1.00000000e+00 0.00000000e+00]
 [9.99995828e-01 4.18112995e-06]
 [1.00000000e+00 0.00000000e+00]
 [1.00000000e+00 0.00000000e+00]
 [1.13596544e-01 8.86403501e-01]
 [1.73157200e-01 8.26842785e-01]
 [1.00000000e+00 0.00000000e+00]
 [5.34073785e-02 9.46592569e-01]
 [1.00000000e+00 0.00000000e+00]
 [1.00000000e+00 0.00000000e+00]
 [9.93406296e-01 6.59366837e-03]
 [8.18625912e-02 9.18137372e-01]
 [1.00000000e+00 0.00000000e+00]
 [1.00000000e+00 0.00000000e+00]
 [1.00000000e+00 0.00000000e+00]
 [1.00000000e+00 0.00000000e+00]
 [1.00000000e+00 0.00000000e+00]
 [3.41631263e-01 6.58368766e-01]
 [1.00000000e+00 5.35895745e-20]
 [1.00000000e+00 0.00000000e+00]
 [1.00000000e+00 0.00000000e+00]
 [1.00000000e+00 0.00000000e+00]
 [1.00000000e+00 0.00000000e+00]
 [1.00000000e+00 0.00000000e+00]
 [1.00000000e+00 0.00000000e+00]
 [1.00000000e+00 0.00000000e+00]
 [1.00000000e+00 0.00000000e+00]
 [2.18086824e-01 7.81913221e-01]
 [9.99979496e-01 2.05018059e-05]
 [1.00000000e+00 0.00000000e+00]
 [1.00000000e+00 0.00000000e+00]
 [1.00000000e+00 0.00000000e+00]
 [1.19413465e-01 8.80586505e-01]
 [1.00000000e+00 0.00000000e+00]
 [1.00000000e+00 0.00000000e+00]
 [1.00000000e+00 2.43874018e-11]
 [1.00000000e+00 1.21396469e-11]
 [1.00000000e+00 0.00000000e+00]
 [1.89881638e-01 8.10118377e-01]
 [8.36003497e-02 9.16399658e-01]
 [1.00000000e+00 0.00000000e+00]
 [1.00000000e+00 0.00000000e+00]
 [1.00000000e+00 0.00000000e+00]
 [6.08558774e-01 3.91441226e-01]
 [1.00000000e+00 0.00000000e+00]
 [1.00000000e+00 0.00000000e+00]
 [9.99922276e-01 7.77207315e-05]
 [1.93472192e-01 8.06527853e-01]
 [1.00000000e+00 0.00000000e+00]
 [9.84377742e-01 1.56222591e-02]
 [1.00000000e+00 0.00000000e+00]
 [1.00000000e+00 0.00000000e+00]
 [1.00000000e+00 0.00000000e+00]
 [1.00000000e+00 0.00000000e+00]
 [8.21196198e-01 1.78803831e-01]
 [1.09208986e-01 8.90790999e-01]
 [1.00000000e+00 1.12338382e-13]
 [1.00000000e+00 0.00000000e+00]
 [1.00000000e+00 0.00000000e+00]
 [1.00000000e+00 0.00000000e+00]
 [1.00000000e+00 0.00000000e+00]
 [9.99902606e-01 9.73685601e-05]
 [1.00000000e+00 0.00000000e+00]
 [1.00000000e+00 0.00000000e+00]
 [1.00000000e+00 0.00000000e+00]
 [9.94608998e-01 5.39097376e-03]
 [9.99708474e-01 2.91555159e-04]
 [1.00000000e+00 0.00000000e+00]
 [1.00000000e+00 0.00000000e+00]
 [1.00000000e+00 0.00000000e+00]
 [9.85105038e-01 1.48949130e-02]
 [1.00000000e+00 0.00000000e+00]
 [1.00000000e+00 0.00000000e+00]
 [1.51481584e-01 8.48518372e-01]
 [6.03521876e-02 9.39647794e-01]
 [1.00000000e+00 0.00000000e+00]
 [4.37934756e-01 5.62065244e-01]
 [1.00000000e+00 0.00000000e+00]
 [1.00000000e+00 5.90662070e-29]
 [1.00000000e+00 0.00000000e+00]
 [1.00000000e+00 2.83569111e-38]
 [1.12547621e-01 8.87452364e-01]
 [1.00000000e+00 2.37336002e-24]
 [7.28881299e-01 2.71118701e-01]
 [1.00000000e+00 6.44215204e-13]
 [1.00000000e+00 0.00000000e+00]
 [1.56523455e-02 9.84347701e-01]
 [1.00000000e+00 2.34172071e-10]
 [1.00000000e+00 3.59677159e-08]
 [7.55083621e-01 2.44916409e-01]
 [1.00000000e+00 1.14140065e-10]
 [5.08001931e-02 9.49199796e-01]
 [8.58943164e-02 9.14105713e-01]
 [1.00000000e+00 0.00000000e+00]
 [5.10608144e-02 9.48939145e-01]
 [9.99999881e-01 1.55734710e-07]
 [1.00000000e+00 0.00000000e+00]
 [9.90706861e-01 9.29317996e-03]
 [3.48129533e-02 9.65187073e-01]
 [1.00000000e+00 0.00000000e+00]
 [1.00000000e+00 0.00000000e+00]
 [1.00000000e+00 4.86634555e-09]
 [1.00000000e+00 7.78137736e-18]
 [1.00000000e+00 4.52986360e-09]
 [5.64329177e-02 9.43567097e-01]
 [9.99994040e-01 5.90395211e-06]
 [9.99999642e-01 3.40346304e-07]
 [1.00000000e+00 0.00000000e+00]
 [1.00000000e+00 0.00000000e+00]
 [9.99999523e-01 5.01653460e-07]
 [9.81466711e-01 1.85332373e-02]
 [1.00000000e+00 0.00000000e+00]
 [1.00000000e+00 0.00000000e+00]
 [1.00000000e+00 5.93905082e-19]
 [2.59083927e-01 7.40916073e-01]
 [1.00000000e+00 0.00000000e+00]
 [1.00000000e+00 0.00000000e+00]
 [1.00000000e+00 0.00000000e+00]
 [1.00000000e+00 0.00000000e+00]
 [2.55513936e-01 7.44486094e-01]
 [1.00000000e+00 0.00000000e+00]
 [1.00000000e+00 0.00000000e+00]
 [1.00000000e+00 3.66671174e-19]
 [1.00000000e+00 0.00000000e+00]
 [9.88211095e-01 1.17888981e-02]
 [4.26688850e-01 5.73311210e-01]
 [9.57330763e-02 9.04266894e-01]
 [7.27992773e-01 2.72007287e-01]
 [1.00000000e+00 0.00000000e+00]
 [9.99999762e-01 2.22532279e-07]
 [3.07217717e-01 6.92782342e-01]
 [1.00000000e+00 0.00000000e+00]
 [1.00000000e+00 0.00000000e+00]
 [9.67666864e-01 3.23331840e-02]
 [4.19225961e-01 5.80774009e-01]
 [1.00000000e+00 0.00000000e+00]
 [9.95041847e-01 4.95817419e-03]
 [1.00000000e+00 0.00000000e+00]
 [1.00000000e+00 0.00000000e+00]
 [1.00000000e+00 3.00444580e-09]
 [1.00000000e+00 0.00000000e+00]
 [9.94715512e-01 5.28444583e-03]
 [3.06260943e-01 6.93739057e-01]
 [9.99967933e-01 3.20622130e-05]
 [9.99998212e-01 1.80947313e-06]
 [1.00000000e+00 0.00000000e+00]
 [1.00000000e+00 0.00000000e+00]
 [9.99862671e-01 1.37330542e-04]
 [1.00000000e+00 0.00000000e+00]
 [1.00000000e+00 6.39143193e-21]
 [1.00000000e+00 0.00000000e+00]
 [1.00000000e+00 0.00000000e+00]
 [9.79508162e-01 2.04917938e-02]
 [9.98102367e-01 1.89761166e-03]
 [1.00000000e+00 0.00000000e+00]
 [1.00000000e+00 0.00000000e+00]
 [1.00000000e+00 1.83489563e-14]
 [1.00000000e+00 5.13825537e-25]
 [1.00000000e+00 9.52373339e-17]
 [1.00000000e+00 0.00000000e+00]
 [6.35789782e-02 9.36420977e-01]
 [5.87976336e-01 4.12023693e-01]
 [1.00000000e+00 0.00000000e+00]
 [1.72466606e-01 8.27533364e-01]
 [1.00000000e+00 0.00000000e+00]
 [9.99999285e-01 6.57076271e-07]
 [1.00000000e+00 0.00000000e+00]
 [9.41312790e-01 5.86872175e-02]
 [5.47139347e-01 4.52860624e-01]
 [1.00000000e+00 0.00000000e+00]
 [9.96175766e-01 3.82425473e-03]
 [9.61741865e-01 3.82581130e-02]
 [1.00000000e+00 0.00000000e+00]
 [7.38952681e-02 9.26104665e-01]
 [9.99945521e-01 5.44813120e-05]
 [9.62889016e-01 3.71110663e-02]
 [1.04986079e-01 8.95013988e-01]
 [1.15993574e-01 8.84006500e-01]
 [1.99682638e-02 9.80031729e-01]
 [7.31405914e-01 2.68594056e-01]
 [9.89980161e-01 1.00198416e-02]
 [2.96023130e-01 7.03976870e-01]
 [1.00000000e+00 1.34159951e-35]
 [1.00000000e+00 0.00000000e+00]
 [3.40386361e-01 6.59613609e-01]
 [3.73614311e-01 6.26385629e-01]
 [1.00000000e+00 3.90280222e-14]
 [1.00000000e+00 0.00000000e+00]
 [9.28972602e-01 7.10274056e-02]
 [1.17994539e-01 8.82005513e-01]
 [3.52877021e-01 6.47122979e-01]
 [2.70797849e-01 7.29202151e-01]
 [3.42475086e-01 6.57524884e-01]
 [2.57430464e-01 7.42569506e-01]
 [9.98594701e-01 1.40526658e-03]
 [9.90847111e-01 9.15287528e-03]
 [1.00000000e+00 1.54594773e-25]
 [8.59446883e-01 1.40553087e-01]
 [9.24049497e-01 7.59505332e-02]
 [9.35238004e-01 6.47620261e-02]
 [1.00000000e+00 1.12130277e-10]
 [2.72553533e-01 7.27446496e-01]
 [9.97975647e-01 2.02439399e-03]
 [1.00000000e+00 0.00000000e+00]
 [8.29862952e-01 1.70137018e-01]
 [9.99235630e-01 7.64420605e-04]
 [9.44155529e-02 9.05584455e-01]
 [1.00000000e+00 0.00000000e+00]
 [1.00000000e+00 0.00000000e+00]
 [8.20663393e-01 1.79336637e-01]
 [2.31581837e-01 7.68418133e-01]
 [9.99975681e-01 2.42900242e-05]
 [6.66796684e-01 3.33203316e-01]
 [3.60425353e-01 6.39574647e-01]
 [1.38309225e-01 8.61690760e-01]
 [9.99868155e-01 1.31869092e-04]
 [3.03392112e-01 6.96607888e-01]
 [1.19535048e-02 9.88046527e-01]
 [9.98346329e-01 1.65369897e-03]
 [1.00000000e+00 0.00000000e+00]
 [4.64082301e-01 5.35917699e-01]
 [1.85222134e-01 8.14777851e-01]
 [1.00000000e+00 0.00000000e+00]
 [5.39410710e-01 4.60589319e-01]
 [9.99946713e-01 5.32560261e-05]
 [1.00000000e+00 0.00000000e+00]
 [2.49097541e-01 7.50902474e-01]
 [1.00000000e+00 0.00000000e+00]
 [9.81507301e-01 1.84927490e-02]
 [1.25106454e-01 8.74893546e-01]
 [3.23664784e-01 6.76335156e-01]
 [1.00000000e+00 0.00000000e+00]
 [1.00000000e+00 0.00000000e+00]
 [1.00000000e+00 0.00000000e+00]
 [7.15838492e-01 2.84161478e-01]
 [2.36436859e-01 7.63563097e-01]
 [1.00000000e+00 0.00000000e+00]
 [9.99995947e-01 4.07100242e-06]
 [1.00000000e+00 0.00000000e+00]
 [2.55311191e-01 7.44688809e-01]
 [3.57245475e-01 6.42754555e-01]
 [1.00000000e+00 0.00000000e+00]
 [7.51793027e-01 2.48206958e-01]
 [1.00000000e+00 1.57851265e-09]
 [8.46116245e-01 1.53883711e-01]
 [1.00000000e+00 0.00000000e+00]
 [1.00000000e+00 2.05208543e-08]
 [8.69904816e-01 1.30095154e-01]
 [4.30721164e-01 5.69278836e-01]
 [9.93884385e-01 6.11562142e-03]
 [6.28996551e-01 3.71003449e-01]
 [9.95398819e-01 4.60123550e-03]
 [3.94457340e-01 6.05542660e-01]
 [1.00000000e+00 0.00000000e+00]
 [1.95904315e-01 8.04095745e-01]
 [4.06871587e-01 5.93128383e-01]
 [1.56629413e-01 8.43370616e-01]
 [3.33976328e-01 6.66023672e-01]]