The probability labels are:
[[0.9536779  0.04632206]
 [0.9747986  0.02520143]
 [0.9564787  0.04352126]
 [0.95936304 0.04063702]
 [0.9553074  0.04469261]
 [0.95794046 0.04205953]
 [0.96912336 0.03087667]
 [0.93494624 0.06505369]
 [0.9564172  0.04358276]
 [0.9667682  0.03323185]
 [0.9489773  0.05102272]
 [0.9496482  0.05035186]
 [0.96723294 0.03276708]
 [0.9623284  0.03767158]
 [0.9493667  0.05063329]
 [0.94936985 0.05063023]
 [0.9616435  0.03835643]
 [0.97064465 0.02935531]
 [0.9689756  0.03102434]
 [0.97293246 0.02706756]
 [0.9473883  0.0526117 ]
 [0.96353966 0.03646033]
 [0.9662664  0.03373362]
 [0.96283805 0.03716191]
 [0.96369606 0.03630391]
 [0.9623431  0.03765695]
 [0.9479747  0.05202536]
 [0.9674388  0.03256116]
 [0.9525421  0.04745783]
 [0.97631955 0.02368045]
 [0.9556553  0.04434481]
 [0.9525161  0.04748395]
 [0.9536523  0.04634767]
 [0.96462893 0.03537109]
 [0.949088   0.05091203]
 [0.9586657  0.04133432]
 [0.9733478  0.02665227]
 [0.95228446 0.0477155 ]
 [0.9531481  0.04685192]
 [0.9538505  0.04614943]
 [0.95482963 0.04517033]
 [0.963063   0.03693703]
 [0.9459144  0.05408563]
 [0.9598928  0.04010712]
 [0.9689114  0.03108864]
 [0.96189374 0.03810631]
 [0.9508751  0.04912491]
 [0.94817346 0.05182656]
 [0.96885353 0.03114653]
 [0.9474137  0.05258638]
 [0.9474654  0.05253456]
 [0.96970356 0.0302964 ]
 [0.9579945  0.04200545]
 [0.9624786  0.03752144]
 [0.9564134  0.04358662]
 [0.9672841  0.03271593]
 [0.9476728  0.05232717]
 [0.9610472  0.03895279]
 [0.94597006 0.05402993]
 [0.96239895 0.03760104]
 [0.9696574  0.0303426 ]
 [0.9545669  0.04543306]
 [0.9605842  0.03941579]
 [0.9606237  0.03937628]
 [0.9635806  0.03641945]
 [0.9665942  0.0334058 ]
 [0.95887065 0.04112932]
 [0.96606743 0.03393256]
 [0.9661007  0.03389934]
 [0.9664269  0.0335731 ]
 [0.96545947 0.0345405 ]
 [0.97056544 0.02943453]
 [0.9669166  0.03308342]
 [0.9466802  0.0533198 ]
 [0.9697132  0.03028675]
 [0.9736129  0.02638714]
 [0.93801594 0.06198402]
 [0.96397877 0.0360212 ]
 [0.96469873 0.0353013 ]
 [0.9440235  0.05597652]
 [0.96834487 0.0316551 ]
 [0.9630086  0.03699144]
 [0.95682925 0.04317071]
 [0.9460774  0.05392257]
 [0.94821215 0.05178782]
 [0.9584803  0.04151975]
 [0.95892566 0.04107431]
 [0.96548057 0.03451939]
 [0.9631472  0.03685277]
 [0.9608704  0.03912959]
 [0.9564873  0.04351269]
 [0.9688289  0.03117109]
 [0.95021796 0.04978202]
 [0.9718901  0.02810994]
 [0.94867986 0.05132014]
 [0.9502882  0.04971187]
 [0.9631821  0.03681786]
 [0.9556593  0.0443407 ]
 [0.964997   0.03500304]
 [0.97771865 0.02228129]
 [0.96236783 0.03763224]
 [0.95199805 0.0480019 ]
 [0.96612984 0.03387012]
 [0.9512179  0.04878207]
 [0.96755767 0.03244234]
 [0.97223324 0.02776681]
 [0.9698728  0.03012724]
 [0.9493383  0.05066171]
 [0.9576876  0.04231244]
 [0.973652   0.02634804]
 [0.961112   0.03888791]
 [0.9722242  0.02777579]
 [0.9668834  0.03311659]
 [0.9462466  0.0537534 ]
 [0.96374303 0.03625698]
 [0.9657417  0.03425837]
 [0.9608133  0.03918671]
 [0.9609448  0.03905516]
 [0.9613101  0.03868992]
 [0.9606588  0.03934117]
 [0.97704303 0.02295699]
 [0.9603349  0.03966513]
 [0.9532311  0.04676888]
 [0.95866233 0.04133771]
 [0.9618474  0.03815255]
 [0.95793325 0.0420668 ]
 [0.9635724  0.03642756]
 [0.9672946  0.03270542]
 [0.9440077  0.0559923 ]
 [0.9562376  0.04376234]
 [0.96901613 0.03098391]
 [0.97274315 0.02725681]
 [0.9458597  0.05414036]
 [0.95073384 0.04926621]
 [0.95960313 0.04039686]
 [0.97734094 0.0226591 ]
 [0.96207905 0.03792087]
 [0.9604934  0.03950661]
 [0.961267   0.03873295]
 [0.9611941  0.03880588]
 [0.96168435 0.03831568]
 [0.95864403 0.04135594]
 [0.9719579  0.0280421 ]
 [0.9722888  0.02771125]
 [0.9465073  0.05349269]
 [0.94324267 0.05675734]
 [0.9696165  0.03038347]
 [0.95676875 0.04323125]
 [0.96865135 0.0313486 ]
 [0.95896447 0.04103555]
 [0.970989   0.02901099]
 [0.96694905 0.03305089]
 [0.9556179  0.04438204]
 [0.95838886 0.0416111 ]
 [0.9610724  0.03892757]
 [0.95928824 0.04071178]
 [0.9711377  0.02886223]
 [0.97853196 0.02146804]
 [0.9553603  0.04463976]
 [0.9538951  0.04610483]
 [0.96030223 0.03969773]
 [0.97392106 0.02607893]
 [0.9693592  0.03064078]
 [0.9499256  0.05007438]
 [0.96204334 0.03795662]
 [0.95895344 0.04104658]
 [0.9473254  0.0526746 ]
 [0.96790373 0.03209619]
 [0.96477395 0.03522611]
 [0.96297544 0.03702459]
 [0.9574633  0.04253664]
 [0.94875985 0.05124014]
 [0.9547577  0.04524232]
 [0.9515743  0.04842575]
 [0.9400343  0.05996574]
 [0.97087765 0.02912234]
 [0.9452386  0.05476141]
 [0.96409345 0.03590651]
 [0.9527675  0.04723251]
 [0.94676757 0.05323238]
 [0.96310747 0.03689259]
 [0.9509156  0.04908441]
 [0.94382435 0.05617569]
 [0.9485877  0.0514123 ]
 [0.91989386 0.08010612]
 [0.94406503 0.05593491]
 [0.9588296  0.04117043]
 [0.92791665 0.07208338]
 [0.90984935 0.09015062]
 [0.9378321  0.06216787]
 [0.96751183 0.03248818]
 [0.9638254  0.03617455]
 [0.9622465  0.03775355]
 [0.9578096  0.04219037]
 [0.930466   0.06953403]
 [0.9345474  0.06545263]
 [0.94629735 0.05370263]
 [0.9596073  0.04039263]
 [0.94985014 0.05014991]
 [0.9284982  0.07150181]
 [0.91910046 0.08089949]
 [0.9379637  0.06203631]
 [0.9551124  0.04488764]
 [0.95068145 0.04931854]
 [0.9424588  0.05754117]
 [0.9624165  0.03758354]
 [0.96338797 0.03661209]
 [0.9444767  0.05552327]
 [0.9635522  0.03644787]
 [0.9407531  0.05924693]
 [0.95318615 0.0468139 ]
 [0.9362988  0.06370123]
 [0.933343   0.06665693]
 [0.93837416 0.0616258 ]
 [0.96334845 0.03665152]
 [0.9544971  0.04550298]
 [0.9480976  0.05190248]
 [0.9500305  0.04996947]
 [0.96754855 0.03245153]
 [0.9427315  0.05726843]
 [0.95418113 0.04581891]
 [0.9647652  0.03523489]
 [0.9623719  0.03762813]
 [0.9586635  0.04133645]
 [0.94790536 0.05209464]
 [0.9607478  0.0392522 ]
 [0.9566301  0.04336995]
 [0.9549107  0.04508926]
 [0.9437224  0.05627757]
 [0.9528041  0.04719595]
 [0.963918   0.03608208]
 [0.952579   0.04742098]
 [0.9347655  0.0652345 ]
 [0.9430292  0.05697073]
 [0.927319   0.07268108]
 [0.9654997  0.03450029]
 [0.95968086 0.04031914]
 [0.9504683  0.04953168]
 [0.95439    0.04560997]
 [0.95941013 0.04058989]
 [0.9482179  0.05178204]
 [0.966073   0.03392696]
 [0.9517286  0.04827144]
 [0.9486228  0.05137722]
 [0.96397424 0.03602573]
 [0.95916164 0.04083838]
 [0.9672761  0.0327239 ]
 [0.9587784  0.0412216 ]
 [0.9679657  0.03203427]
 [0.95533395 0.04466608]
 [0.9541719  0.04582813]
 [0.9226487  0.07735129]
 [0.9216564  0.07834362]
 [0.9531166  0.0468834 ]
 [0.94892037 0.05107963]
 [0.95646924 0.04353082]
 [0.96092445 0.03907553]
 [0.9393321  0.06066781]
 [0.93584347 0.06415655]
 [0.94359887 0.05640119]
 [0.9361635  0.06383657]]