The probability labels are:
[[0.94257605 0.05742396]
 [0.97136104 0.02863896]
 [0.9971967  0.00280331]
 [0.9058733  0.0941267 ]
 [0.9313853  0.06861477]
 [0.95090044 0.04909959]
 [0.97805744 0.02194252]
 [0.9889375  0.01106253]
 [0.96561164 0.03438836]
 [0.94745004 0.05254992]
 [0.99314404 0.00685591]
 [0.948337   0.05166297]
 [0.90137446 0.09862555]
 [0.9803241  0.01967585]
 [0.9745746  0.02542539]
 [0.8593792  0.14062086]
 [0.90633184 0.09366812]
 [0.97722685 0.02277318]
 [0.9426963  0.05730376]
 [0.9618718  0.03812817]
 [0.94629073 0.05370931]
 [0.9863963  0.01360368]
 [0.96964014 0.03035985]
 [0.9597739  0.04022614]
 [0.9126215  0.08737843]
 [0.9599556  0.04004444]
 [0.9277131  0.07228696]
 [0.95558196 0.04441807]
 [0.9143262  0.08567387]
 [0.97110987 0.02889012]
 [0.9891613  0.01083873]
 [0.94661653 0.05338342]
 [0.9344063  0.0655937 ]
 [0.94368887 0.05631113]
 [0.9199145  0.08008549]
 [0.99707496 0.00292504]
 [0.95786315 0.0421369 ]
 [0.888345   0.111655  ]
 [0.90090793 0.099092  ]
 [0.94763005 0.05236997]
 [0.9836483  0.01635169]
 [0.9836236  0.01637635]
 [0.9983853  0.00161464]
 [0.98627764 0.0137224 ]
 [0.9626939  0.03730606]
 [0.9608987  0.03910136]
 [0.98992926 0.01007078]
 [0.865578   0.13442205]
 [0.9744776  0.02552246]
 [0.975105   0.02489494]
 [0.9908477  0.00915227]
 [0.9596597  0.04034026]
 [0.975598   0.02440207]
 [0.9354454  0.06455459]
 [0.9367391  0.06326091]
 [0.9874511  0.01254899]
 [0.9037818  0.09621822]
 [0.9853801  0.01461982]
 [0.99030066 0.00969938]
 [0.9299582  0.07004183]
 [0.97621536 0.02378459]
 [0.96379316 0.03620689]
 [0.9601027  0.03989733]
 [0.9359101  0.06408995]
 [0.98805285 0.01194713]
 [0.9718532  0.02814686]
 [0.8982466  0.10175346]
 [0.9500898  0.04991019]
 [0.9856135  0.01438644]
 [0.9813675  0.01863241]
 [0.93989825 0.06010178]
 [0.92775965 0.07224035]
 [0.9240177  0.07598231]
 [0.965171   0.03482896]
 [0.9434372  0.05656279]
 [0.9421097  0.05789028]
 [0.96001506 0.03998496]
 [0.97822237 0.02177766]
 [0.96130466 0.03869527]
 [0.9630024  0.03699754]
 [0.9684202  0.03157975]
 [0.9504962  0.04950382]
 [0.9636094  0.03639061]
 [0.9254941  0.07450588]
 [0.9773538  0.02264627]
 [0.99029034 0.00970959]
 [0.99341834 0.00658173]
 [0.93149924 0.06850071]
 [0.9051827  0.09481729]
 [0.967794   0.032206  ]
 [0.90711796 0.09288204]
 [0.9316599  0.06834013]
 [0.85087204 0.1491279 ]
 [0.9369441  0.06305586]
 [0.95812327 0.04187669]
 [0.9006113  0.0993887 ]
 [0.8834902  0.11650982]
 [0.9635017  0.03649835]
 [0.9013041  0.09869581]
 [0.95910984 0.04089016]
 [0.9178127  0.08218731]
 [0.9568659  0.04313406]
 [0.94288665 0.05711337]
 [0.8714944  0.12850556]
 [0.92032546 0.07967457]
 [0.88749385 0.11250617]
 [0.9155628  0.08443717]
 [0.9330108  0.06698917]
 [0.8924265  0.10757352]
 [0.95735043 0.04264954]
 [0.87681746 0.12318255]
 [0.8775562  0.1224438 ]
 [0.9224688  0.0775313 ]
 [0.8404663  0.15953362]
 [0.9106227  0.08937731]
 [0.94332427 0.05667575]
 [0.8945265  0.10547357]
 [0.9624593  0.0375406 ]
 [0.8829053  0.11709469]
 [0.91422325 0.08577675]
 [0.9607048  0.0392952 ]
 [0.86953795 0.13046204]
 [0.94476724 0.05523283]
 [0.9248529  0.07514717]
 [0.90444344 0.0955566 ]
 [0.88610864 0.11389139]
 [0.8786268  0.12137319]
 [0.95212364 0.04787637]
 [0.87969905 0.12030097]
 [0.980594   0.01940602]
 [0.9372093  0.06279071]
 [0.94791436 0.05208563]
 [0.8368299  0.16317007]
 [0.9496758  0.05032416]
 [0.9005205  0.09947944]
 [0.96182203 0.03817797]
 [0.9519639  0.04803604]
 [0.95782465 0.0421754 ]
 [0.9122669  0.0877331 ]
 [0.93522006 0.06477991]
 [0.9302204  0.0697795 ]
 [0.88069725 0.1193027 ]
 [0.9268833  0.07311668]
 [0.9463528  0.05364722]
 [0.8618664  0.13813356]
 [0.9130103  0.08698966]
 [0.9402788  0.05972117]
 [0.898124   0.10187601]
 [0.94754666 0.05245331]
 [0.9055003  0.09449971]
 [0.94300026 0.05699968]
 [0.9089976  0.09100241]
 [0.89435935 0.10564059]
 [0.8665185  0.13348144]
 [0.9123716  0.08762844]
 [0.9297393  0.07026069]
 [0.9494894  0.05051056]
 [0.9527983  0.04720172]
 [0.85177016 0.14822984]
 [0.8541794  0.14582057]
 [0.91709566 0.08290429]
 [0.9685893  0.03141072]
 [0.9241006  0.07589942]
 [0.95504344 0.04495659]
 [0.9158148  0.0841852 ]
 [0.8739091  0.12609088]
 [0.93366826 0.06633177]
 [0.89443195 0.10556809]
 [0.9150285  0.08497149]
 [0.92166525 0.07833481]
 [0.9107161  0.08928385]
 [0.92967147 0.07032854]
 [0.925846   0.07415407]
 [0.8903664  0.1096336 ]
 [0.9012101  0.09878986]
 [0.9414938  0.05850624]
 [0.99307317 0.00692687]
 [0.9339784  0.06602158]
 [0.9698683  0.03013177]
 [0.9520701  0.04792988]
 [0.9671796  0.03282043]
 [0.9926369  0.00736309]
 [0.9516996  0.04830034]
 [0.88308024 0.11691974]
 [0.96363395 0.03636605]
 [0.8529627  0.14703734]
 [0.93029976 0.06970026]
 [0.8993098  0.10069016]
 [0.986192   0.01380804]
 [0.8615965  0.13840348]
 [0.9579301  0.04206998]
 [0.91232914 0.08767088]
 [0.96121603 0.03878404]
 [0.94715434 0.05284561]
 [0.9645243  0.03547566]
 [0.8786929  0.12130707]
 [0.910359   0.08964097]
 [0.93130493 0.06869504]
 [0.83052284 0.16947713]
 [0.8221274  0.17787258]
 [0.80219007 0.19781   ]
 [0.89812183 0.10187816]
 [0.95871043 0.04128958]
 [0.9005179  0.09948211]
 [0.94726527 0.05273477]
 [0.95897675 0.04102319]
 [0.8929935  0.10700645]
 [0.9120895  0.08791041]
 [0.9471733  0.05282673]
 [0.96519685 0.03480316]
 [0.93271965 0.06728037]
 [0.92087424 0.07912572]
 [0.8984771  0.10152292]
 [0.9179486  0.08205139]
 [0.97702    0.02297997]
 [0.96630156 0.03369841]
 [0.96446    0.03553997]
 [0.9787815  0.02121849]
 [0.921186   0.07881396]
 [0.9685005  0.03149948]
 [0.98110294 0.01889698]
 [0.9415926  0.05840735]
 [0.81174314 0.18825683]
 [0.9780512  0.02194885]
 [0.96106106 0.03893899]
 [0.9599929  0.0400071 ]
 [0.9533582  0.0466418 ]
 [0.89431846 0.10568151]
 [0.90413123 0.09586881]
 [0.94618505 0.05381497]
 [0.8944588  0.10554125]
 [0.9189406  0.08105943]
 [0.98708016 0.01291981]
 [0.92808884 0.07191118]
 [0.7942142  0.20578581]
 [0.9353818  0.06461817]
 [0.94656974 0.05343026]
 [0.91094506 0.08905493]
 [0.9143904  0.08560959]
 [0.886425   0.11357494]
 [0.9028644  0.09713564]
 [0.8812258  0.11877415]
 [0.98621297 0.01378702]
 [0.8730379  0.12696213]
 [0.9296583  0.07034171]
 [0.9339598  0.0660402 ]
 [0.97055244 0.0294476 ]
 [0.96479756 0.03520249]
 [0.90152603 0.09847397]
 [0.9307975  0.06920244]
 [0.9853571  0.01464288]
 [0.9569666  0.04303347]
 [0.7537998  0.24620025]
 [0.9743974  0.02560261]
 [0.89591837 0.10408164]
 [0.9513221  0.04867792]
 [0.9463925  0.05360755]
 [0.9723656  0.02763442]
 [0.96774006 0.03225996]
 [0.9472416  0.05275832]
 [0.95327216 0.04672784]]