The probability labels are:
[[9.81708527e-01 1.82914920e-02]
 [1.00000000e+00 1.87725679e-09]
 [1.16294555e-01 8.83705378e-01]
 [9.97478664e-01 2.52135727e-03]
 [9.77621555e-01 2.23784801e-02]
 [9.87973571e-01 1.20264692e-02]
 [9.99825418e-01 1.74595101e-04]
 [2.30808537e-02 9.76919115e-01]
 [1.49435252e-01 8.50564718e-01]
 [9.99989271e-01 1.06935922e-05]
 [1.91139475e-01 8.08860481e-01]
 [9.99423623e-01 5.76439255e-04]
 [9.99980330e-01 1.96717447e-05]
 [8.49431872e-01 1.50568083e-01]
 [8.46541598e-02 9.15345788e-01]
 [9.99984026e-01 1.59521915e-05]
 [9.99999285e-01 6.82774385e-07]
 [9.99110758e-01 8.89210321e-04]
 [9.90181983e-01 9.81795322e-03]
 [9.99933600e-01 6.63946776e-05]
 [3.61213386e-01 6.38786554e-01]
 [9.89305615e-01 1.06944656e-02]
 [9.99999642e-01 4.09566525e-07]
 [9.99748886e-01 2.51104182e-04]
 [9.99999523e-01 4.95276879e-07]
 [9.80424821e-01 1.95751544e-02]
 [9.99668837e-01 3.31135583e-04]
 [9.99961734e-01 3.82364051e-05]
 [8.09576869e-01 1.90423116e-01]
 [1.00000000e+00 1.95037551e-08]
 [3.70593816e-01 6.29406214e-01]
 [4.15422529e-01 5.84577501e-01]
 [9.99973536e-01 2.64652936e-05]
 [9.98749137e-01 1.25085085e-03]
 [9.94636476e-01 5.36348391e-03]
 [5.50340652e-01 4.49659348e-01]
 [9.99997735e-01 2.28844533e-06]
 [9.99969006e-01 3.10247196e-05]
 [9.92588341e-01 7.41166994e-03]
 [8.38405907e-01 1.61594138e-01]
 [9.56516027e-01 4.34840508e-02]
 [5.87782860e-01 4.12217110e-01]
 [5.20275952e-03 9.94797289e-01]
 [8.79724443e-01 1.20275602e-01]
 [9.99907494e-01 9.25220156e-05]
 [9.83367682e-01 1.66322980e-02]
 [8.62110928e-02 9.13788915e-01]
 [9.99992013e-01 7.99050667e-06]
 [1.00000000e+00 7.93970532e-12]
 [6.41235948e-01 3.58764052e-01]
 [6.29956275e-02 9.37004328e-01]
 [9.99992371e-01 7.64952802e-06]
 [6.61419690e-01 3.38580310e-01]
 [9.97561812e-01 2.43822974e-03]
 [9.99978185e-01 2.18014375e-05]
 [9.99884367e-01 1.15657233e-04]
 [9.99964595e-01 3.53660980e-05]
 [8.40368152e-01 1.59631804e-01]
 [3.23406458e-02 9.67659354e-01]
 [9.70402420e-01 2.95975916e-02]
 [9.99998569e-01 1.38531175e-06]
 [9.99998212e-01 1.83032068e-06]
 [9.99988675e-01 1.12986845e-05]
 [9.99565780e-01 4.34177695e-04]
 [8.19004834e-01 1.80995166e-01]
 [9.77650523e-01 2.23494656e-02]
 [9.99926090e-01 7.39132447e-05]
 [9.99694824e-01 3.05236870e-04]
 [9.95615959e-01 4.38404735e-03]
 [9.54252124e-01 4.57479134e-02]
 [9.99999404e-01 6.52431311e-07]
 [1.00000000e+00 3.82275260e-08]
 [9.99976635e-01 2.34121217e-05]
 [4.00613993e-01 5.99386036e-01]
 [1.00000000e+00 1.24784503e-08]
 [9.99953985e-01 4.60171614e-05]
 [5.43414950e-02 9.45658565e-01]
 [7.12458491e-02 9.28754151e-01]
 [1.00000000e+00 9.95914906e-09]
 [1.07701719e-01 8.92298341e-01]
 [9.99964714e-01 3.52785864e-05]
 [9.98703599e-01 1.29634188e-03]
 [9.99998331e-01 1.68161137e-06]
 [7.89213657e-01 2.10786372e-01]
 [1.33469418e-01 8.66530597e-01]
 [5.23929596e-01 4.76070434e-01]
 [4.29912299e-01 5.70087731e-01]
 [9.93021905e-01 6.97817141e-03]
 [1.00000000e+00 3.67763100e-08]
 [2.80656554e-02 9.71934378e-01]
 [9.87154603e-01 1.28453290e-02]
 [9.98777449e-01 1.22253143e-03]
 [7.69632638e-01 2.30367303e-01]
 [9.98057902e-01 1.94202748e-03]
 [3.39644030e-02 9.66035604e-01]
 [1.44952521e-01 8.55047464e-01]
 [9.99819577e-01 1.80392453e-04]
 [1.33844823e-01 8.66155148e-01]
 [9.98781860e-01 1.21816900e-03]
 [1.00000000e+00 5.23049764e-08]
 [9.00905311e-01 9.90946963e-02]
 [2.01069992e-02 9.79892969e-01]
 [9.99901533e-01 9.84470753e-05]
 [9.99772727e-01 2.27237178e-04]
 [9.99970675e-01 2.92929290e-05]
 [9.99983788e-01 1.62691740e-05]
 [9.99940395e-01 5.96051577e-05]
 [2.07331881e-01 7.92668045e-01]
 [9.77625012e-01 2.23750286e-02]
 [9.99965906e-01 3.40922779e-05]
 [9.99989510e-01 1.05414993e-05]
 [9.99991179e-01 8.85148711e-06]
 [9.99070346e-01 9.29624017e-04]
 [7.77693152e-01 2.22306862e-01]
 [9.99900103e-01 9.99028780e-05]
 [9.99625564e-01 3.74474213e-04]
 [9.99985337e-01 1.46110679e-05]
 [8.75399649e-01 1.24600329e-01]
 [9.87559855e-01 1.24401134e-02]
 [9.99974489e-01 2.55603973e-05]
 [9.99999881e-01 6.88859032e-08]
 [9.89536881e-01 1.04630562e-02]
 [4.84557115e-02 9.51544285e-01]
 [9.99999523e-01 4.58614409e-07]
 [9.99878883e-01 1.21116944e-04]
 [9.95990694e-01 4.00933344e-03]
 [9.96998906e-01 3.00113694e-03]
 [8.81765544e-01 1.18234441e-01]
 [2.20362395e-01 7.79637575e-01]
 [4.21287902e-02 9.57871199e-01]
 [8.44176769e-01 1.55823275e-01]
 [9.99996066e-01 3.96083169e-06]
 [9.54699576e-01 4.53004837e-02]
 [3.25564705e-02 9.67443526e-01]
 [9.99937773e-01 6.21984800e-05]
 [1.00000000e+00 3.62936431e-10]
 [7.53762841e-01 2.46237159e-01]
 [1.95343405e-01 8.04656625e-01]
 [9.99811113e-01 1.88914695e-04]
 [9.77725804e-01 2.22741161e-02]
 [9.95032668e-01 4.96729324e-03]
 [9.99777257e-01 2.22779927e-04]
 [9.99984980e-01 1.50676087e-05]
 [9.99997020e-01 2.97573752e-06]
 [8.48633766e-01 1.51366249e-01]
 [1.14007369e-01 8.85992587e-01]
 [9.98798013e-01 1.20199216e-03]
 [9.98829067e-01 1.17092149e-03]
 [9.99999762e-01 2.81964958e-07]
 [9.99979019e-01 2.09621739e-05]
 [9.98117805e-01 1.88221911e-03]
 [9.98883784e-01 1.11617800e-03]
 [9.97234166e-01 2.76581943e-03]
 [9.99950290e-01 4.97115507e-05]
 [9.99976277e-01 2.36843389e-05]
 [4.81322885e-01 5.18677115e-01]
 [9.96124804e-01 3.87518457e-03]
 [1.00000000e+00 2.06626272e-09]
 [9.99524832e-01 4.75240318e-04]
 [9.99529243e-01 4.70748346e-04]
 [9.43795502e-01 5.62045164e-02]
 [9.99998808e-01 1.18031744e-06]
 [1.00000000e+00 5.21710675e-08]
 [2.78318599e-02 9.72168088e-01]
 [5.14270127e-01 4.85729873e-01]
 [9.99947309e-01 5.27087977e-05]
 [5.53341024e-02 9.44665909e-01]
 [9.99992967e-01 6.98867871e-06]
 [9.99801219e-01 1.98750757e-04]
 [9.99995947e-01 4.11093697e-06]
 [8.08961987e-01 1.91038057e-01]
 [3.68081152e-01 6.31918848e-01]
 [9.36773777e-01 6.32262155e-02]
 [6.80910170e-01 3.19089860e-01]
 [8.39407980e-01 1.60592005e-01]
 [9.99999642e-01 3.66174277e-07]
 [8.30035865e-01 1.69964090e-01]
 [9.99999404e-01 6.42340808e-07]
 [9.90563750e-01 9.43624508e-03]
 [7.51618147e-01 2.48381853e-01]
 [9.92975354e-01 7.02468865e-03]
 [6.86915368e-02 9.31308448e-01]
 [3.31453502e-01 6.68546498e-01]
 [9.91109967e-01 8.89000669e-03]
 [1.36042118e-01 8.63957942e-01]
 [9.84610558e-01 1.53894844e-02]
 [9.99992967e-01 7.07584832e-06]
 [2.33377367e-01 7.66622663e-01]
 [1.02729015e-02 9.89727080e-01]
 [8.02370489e-01 1.97629452e-01]
 [1.00000000e+00 4.86337903e-08]
 [9.99249637e-01 7.50368694e-04]
 [9.96722639e-01 3.27743031e-03]
 [9.83765900e-01 1.62341725e-02]
 [9.86680165e-02 9.01332021e-01]
 [9.30547714e-02 9.06945288e-01]
 [7.81362653e-01 2.18637362e-01]
 [9.99498844e-01 5.01155388e-04]
 [9.95817244e-01 4.18274431e-03]
 [5.53435683e-01 4.46564317e-01]
 [6.46572933e-02 9.35342729e-01]
 [7.11074948e-01 2.88925052e-01]
 [9.85972404e-01 1.40276188e-02]
 [9.91006076e-01 8.99385661e-03]
 [5.63873529e-01 4.36126500e-01]
 [9.98957157e-01 1.04281597e-03]
 [9.99999166e-01 8.27532972e-07]
 [8.88511837e-01 1.11488193e-01]
 [9.99871135e-01 1.28809334e-04]
 [2.70690054e-01 7.29309976e-01]
 [9.99980569e-01 1.93777414e-05]
 [9.74427104e-01 2.55728513e-02]
 [3.38031560e-01 6.61968410e-01]
 [6.45486653e-01 3.54513377e-01]
 [9.99899030e-01 1.00986937e-04]
 [9.51576591e-01 4.84234206e-02]
 [2.66719405e-02 9.73327994e-01]
 [9.65230942e-01 3.47690880e-02]
 [9.99999166e-01 7.85376130e-07]
 [6.07918240e-02 9.39208150e-01]
 [3.36933523e-01 6.63066506e-01]
 [9.99846458e-01 1.53527260e-04]
 [1.00000000e+00 3.15371210e-12]
 [8.39689553e-01 1.60310447e-01]
 [7.97784626e-01 2.02215329e-01]
 [9.99505281e-01 4.94750566e-04]
 [9.83023584e-01 1.69764105e-02]
 [9.98246551e-01 1.75351242e-03]
 [9.97303605e-01 2.69634183e-03]
 [9.80710030e-01 1.92900319e-02]
 [9.99999762e-01 2.70908430e-07]
 [9.84359682e-01 1.56402718e-02]
 [2.03094095e-01 7.96905935e-01]
 [3.48795474e-01 6.51204526e-01]
 [7.16451943e-01 2.83547997e-01]
 [1.00000000e+00 1.63499736e-09]
 [9.99262869e-01 7.37167604e-04]
 [9.53015804e-01 4.69842516e-02]
 [7.37615168e-01 2.62384802e-01]
 [9.99999523e-01 4.61248334e-07]
 [9.94120061e-01 5.87987527e-03]
 [1.00000000e+00 3.52669868e-12]
 [9.79570746e-01 2.04292368e-02]
 [6.79252803e-01 3.20747167e-01]
 [9.99996781e-01 3.17305535e-06]
 [9.91790771e-01 8.20927508e-03]
 [9.99999762e-01 2.28775718e-07]
 [9.96811330e-01 3.18870251e-03]
 [1.00000000e+00 3.13448156e-11]
 [9.99283016e-01 7.16999406e-04]
 [6.25436366e-01 3.74563605e-01]
 [1.13231145e-01 8.86768818e-01]
 [7.68549204e-01 2.31450766e-01]
 [9.71100986e-01 2.88990773e-02]
 [9.54443216e-01 4.55568470e-02]
 [9.84533250e-01 1.54668204e-02]
 [1.00000000e+00 1.01138218e-08]
 [3.36176932e-01 6.63823068e-01]
 [2.76040405e-01 7.23959565e-01]
 [4.97245252e-01 5.02754748e-01]
 [3.91677052e-01 6.08322978e-01]]