The probability labels are:
[[3.11154800e-15 1.00000000e+00]
 [3.74368113e-03 9.96256351e-01]
 [1.44501783e-12 1.00000000e+00]
 [3.55425966e-03 9.96445715e-01]
 [3.14316619e-03 9.96856809e-01]
 [1.00000000e+00 4.59385354e-15]
 [1.94088760e-04 9.99805987e-01]
 [6.60520554e-01 3.39479417e-01]
 [4.01902947e-12 1.00000000e+00]
 [3.95064568e-03 9.96049345e-01]
 [9.99999762e-01 2.64835819e-07]
 [1.00000000e+00 3.40449231e-11]
 [3.01852049e-15 1.00000000e+00]
 [3.30104749e-03 9.96698916e-01]
 [1.49193893e-05 9.99985099e-01]
 [1.65252388e-01 8.34747553e-01]
 [5.44267707e-04 9.99455750e-01]
 [9.14773057e-09 1.00000000e+00]
 [3.12613477e-11 1.00000000e+00]
 [7.96464908e-21 1.00000000e+00]
 [4.27660667e-14 1.00000000e+00]
 [7.02956183e-12 1.00000000e+00]
 [3.24791555e-10 1.00000000e+00]
 [1.42396809e-14 1.00000000e+00]
 [2.76403067e-10 1.00000000e+00]
 [1.25844346e-03 9.98741567e-01]
 [1.00000000e+00 1.04653952e-10]
 [2.25180343e-11 1.00000000e+00]
 [5.81100855e-15 1.00000000e+00]
 [1.00000000e+00 3.47604140e-10]
 [1.00000000e+00 2.35480357e-10]
 [9.99975920e-01 2.41195103e-05]
 [7.33109268e-11 1.00000000e+00]
 [1.00000000e+00 1.57613141e-11]
 [2.31672855e-16 1.00000000e+00]
 [9.98888910e-01 1.11109123e-03]
 [9.98503804e-01 1.49626727e-03]
 [1.71797296e-08 1.00000000e+00]
 [2.08342593e-13 1.00000000e+00]
 [9.94152963e-01 5.84701914e-03]
 [3.88296039e-15 1.00000000e+00]
 [2.91898072e-01 7.08101988e-01]
 [4.03897715e-09 1.00000000e+00]
 [1.46510242e-03 9.98534918e-01]
 [1.46668227e-02 9.85333145e-01]
 [1.00000000e+00 1.76659190e-14]
 [1.66082714e-06 9.99998331e-01]
 [6.86787188e-01 3.13212842e-01]
 [5.94693565e-13 1.00000000e+00]
 [5.33343665e-03 9.94666576e-01]
 [9.99999404e-01 6.20791013e-07]
 [1.00000000e+00 2.39562450e-11]
 [1.75461728e-10 1.00000000e+00]
 [6.55533094e-03 9.93444681e-01]
 [4.55486908e-04 9.99544442e-01]
 [9.97662425e-01 2.33754539e-03]
 [2.75694565e-05 9.99972463e-01]
 [2.94426400e-07 9.99999762e-01]
 [1.49305546e-09 1.00000000e+00]
 [5.59928250e-20 1.00000000e+00]
 [1.49084581e-11 1.00000000e+00]
 [2.16515000e-11 1.00000000e+00]
 [3.25173999e-10 1.00000000e+00]
 [1.06599745e-16 1.00000000e+00]
 [1.22982996e-07 9.99999881e-01]
 [1.29355598e-04 9.99870658e-01]
 [1.00000000e+00 5.82697779e-12]
 [4.78508465e-12 1.00000000e+00]
 [2.71146868e-14 1.00000000e+00]
 [1.00000000e+00 2.14441988e-11]
 [1.00000000e+00 1.59655899e-13]
 [1.00000000e+00 5.25547783e-08]
 [2.49958554e-10 1.00000000e+00]
 [1.00000000e+00 2.21135592e-11]
 [2.19817272e-11 1.00000000e+00]
 [9.99802291e-01 1.97746675e-04]
 [9.96899486e-01 3.10054724e-03]
 [9.41143864e-12 1.00000000e+00]
 [1.39624651e-12 1.00000000e+00]
 [9.18761551e-01 8.12384263e-02]
 [2.23125922e-16 1.00000000e+00]
 [3.31956107e-04 9.99668002e-01]
 [3.38057672e-11 1.00000000e+00]
 [1.19547723e-04 9.99880433e-01]
 [1.37075564e-04 9.99862909e-01]
 [1.00000000e+00 1.07680461e-14]
 [3.64213483e-04 9.99635816e-01]
 [5.54379344e-01 4.45620626e-01]
 [3.02698288e-16 1.00000000e+00]
 [7.90248532e-03 9.92097497e-01]
 [9.99999881e-01 1.41498433e-07]
 [1.00000000e+00 1.12271734e-10]
 [5.23950763e-14 1.00000000e+00]
 [3.38454932e-01 6.61545038e-01]
 [3.33056407e-04 9.99666929e-01]
 [9.97162282e-01 2.83772917e-03]
 [6.01119473e-06 9.99994040e-01]
 [2.59781725e-08 1.00000000e+00]
 [7.68356878e-10 1.00000000e+00]
 [9.67808878e-20 1.00000000e+00]
 [6.37176347e-13 1.00000000e+00]
 [3.52318912e-12 1.00000000e+00]
 [9.59461469e-11 1.00000000e+00]
 [1.45817527e-15 1.00000000e+00]
 [7.73021036e-10 1.00000000e+00]
 [4.34136763e-03 9.95658636e-01]
 [1.00000000e+00 3.94816013e-10]
 [4.65171001e-12 1.00000000e+00]
 [2.03998161e-14 1.00000000e+00]
 [1.00000000e+00 2.29082042e-09]
 [1.00000000e+00 2.71051996e-12]
 [9.99992013e-01 7.93821982e-06]
 [5.81086533e-11 1.00000000e+00]
 [1.00000000e+00 3.38429423e-10]
 [4.73670547e-11 1.00000000e+00]
 [9.98212337e-01 1.78772642e-03]
 [9.99975681e-01 2.43477934e-05]
 [8.38075209e-09 1.00000000e+00]
 [4.25471807e-15 1.00000000e+00]
 [9.71608102e-01 2.83918958e-02]]