The probability labels are:
[[0.5034066  0.49659342]
 [0.50340664 0.4965934 ]
 [0.5034067  0.49659327]
 [0.50340664 0.49659336]
 [0.5034066  0.49659342]
 [0.5034065  0.49659348]
 [0.5034066  0.49659342]
 [0.5034065  0.4965935 ]
 [0.5034067  0.49659333]
 [0.5034065  0.49659348]
 [0.5034066  0.49659342]
 [0.5034065  0.49659353]
 [0.50340664 0.49659333]
 [0.5034067  0.49659327]
 [0.5034066  0.4965934 ]
 [0.50340647 0.49659353]
 [0.5034066  0.49659342]
 [0.50340664 0.49659333]
 [0.50340664 0.4965934 ]
 [0.50340664 0.4965934 ]
 [0.50340647 0.49659353]
 [0.50340664 0.49659336]
 [0.5034065  0.4965935 ]
 [0.5034066  0.4965934 ]
 [0.5034066  0.49659345]
 [0.5034067  0.49659333]
 [0.50340647 0.49659356]
 [0.50340664 0.49659333]
 [0.5034066  0.49659342]
 [0.50340664 0.49659336]
 [0.5034067  0.49659333]
 [0.5034066  0.4965934 ]
 [0.5034065  0.4965935 ]
 [0.50340664 0.49659336]
 [0.5034065  0.49659353]
 [0.50340664 0.49659336]
 [0.5034067  0.49659333]
 [0.5034065  0.4965935 ]
 [0.5034066  0.49659345]
 [0.50340664 0.49659336]
 [0.5034067  0.49659333]
 [0.5034067  0.49659327]
 [0.50340664 0.49659336]
 [0.5034067  0.49659327]
 [0.5034067  0.49659327]
 [0.5034066  0.49659345]
 [0.50340664 0.49659333]
 [0.5034065  0.49659353]
 [0.5034065  0.49659353]
 [0.5034065  0.49659348]
 [0.50340664 0.4965934 ]
 [0.50340664 0.49659336]
 [0.50340664 0.49659333]
 [0.50340664 0.49659333]
 [0.5034065  0.49659353]
 [0.5034067  0.49659327]
 [0.50340647 0.4965936 ]
 [0.5034067  0.49659333]
 [0.5034065  0.49659353]
 [0.50340664 0.49659333]
 [0.5034066  0.49659342]
 [0.50340647 0.49659353]
 [0.5034065  0.4965935 ]
 [0.5034065  0.49659348]
 [0.50340664 0.49659333]
 [0.50340664 0.49659336]
 [0.5034066  0.49659342]
 [0.50340676 0.49659327]
 [0.50340664 0.49659333]
 [0.50340664 0.49659333]
 [0.5034065  0.49659348]
 [0.50340664 0.49659336]
 [0.50340664 0.49659336]
 [0.5034066  0.4965934 ]
 [0.5034066  0.4965934 ]
 [0.50340664 0.49659336]
 [0.5034065  0.4965935 ]
 [0.5034067  0.49659333]
 [0.5034065  0.49659348]
 [0.5034066  0.49659342]
 [0.5034067  0.49659333]
 [0.50340664 0.49659333]
 [0.5034065  0.4965935 ]
 [0.5034065  0.4965935 ]
 [0.5034066  0.49659342]
 [0.5034066  0.4965934 ]
 [0.5034067  0.49659327]
 [0.50340664 0.49659336]
 [0.50340647 0.49659353]
 [0.5034067  0.49659327]
 [0.5034066  0.49659345]
 [0.50340664 0.4965934 ]
 [0.5034065  0.49659353]
 [0.5034066  0.49659342]
 [0.5034067  0.49659327]
 [0.5034066  0.49659345]
 [0.5034066  0.4965934 ]
 [0.50340664 0.49659333]
 [0.5034066  0.4965934 ]
 [0.50340664 0.49659333]
 [0.50340664 0.4965934 ]
 [0.5034066  0.4965934 ]
 [0.5034066  0.49659342]
 [0.5034065  0.49659353]
 [0.5034066  0.49659345]
 [0.50340664 0.49659336]
 [0.50340664 0.4965934 ]
 [0.5034066  0.49659345]
 [0.5034065  0.49659348]
 [0.50340664 0.4965934 ]
 [0.5034066  0.49659342]
 [0.50340664 0.49659336]
 [0.50340664 0.4965934 ]
 [0.5034066  0.49659342]
 [0.5034066  0.49659345]
 [0.5034065  0.49659348]
 [0.5034065  0.49659348]
 [0.5034067  0.49659327]
 [0.5034065  0.49659348]
 [0.5034065  0.4965935 ]
 [0.50340664 0.4965934 ]
 [0.5034066  0.4965934 ]
 [0.5034066  0.49659342]
 [0.50340647 0.49659356]
 [0.50340664 0.49659336]
 [0.5034065  0.49659348]
 [0.50340664 0.49659336]
 [0.50340664 0.4965934 ]
 [0.5034065  0.49659353]
 [0.5034067  0.49659333]
 [0.5034067  0.49659333]
 [0.50340664 0.49659336]
 [0.50340647 0.49659353]
 [0.5034066  0.49659342]
 [0.5034066  0.49659342]
 [0.50340664 0.4965934 ]
 [0.50340664 0.49659333]
 [0.5034067  0.49659333]
 [0.5034066  0.49659345]
 [0.5034065  0.49659348]
 [0.5034065  0.4965935 ]
 [0.5034065  0.49659348]
 [0.5034067  0.49659333]
 [0.50340664 0.49659336]
 [0.5034065  0.49659348]
 [0.5034065  0.49659353]
 [0.5034067  0.49659327]
 [0.5034065  0.4965935 ]
 [0.50340664 0.49659336]
 [0.50340647 0.49659353]
 [0.50340664 0.4965934 ]
 [0.50340664 0.49659336]
 [0.5034065  0.49659348]
 [0.5034066  0.49659345]
 [0.5034066  0.49659342]
 [0.5034066  0.49659342]
 [0.50340664 0.49659333]
 [0.5034066  0.49659342]
 [0.5034065  0.4965935 ]
 [0.5034065  0.49659353]
 [0.5034066  0.49659345]
 [0.50340664 0.49659336]
 [0.5034065  0.49659348]
 [0.5034066  0.49659345]
 [0.5034066  0.49659342]
 [0.5034065  0.49659348]
 [0.5034067  0.49659333]
 [0.50340664 0.49659333]
 [0.5034066  0.49659345]
 [0.50340664 0.4965934 ]
 [0.5034066  0.4965934 ]
 [0.5034066  0.49659345]
 [0.50340664 0.49659336]
 [0.5034066  0.4965934 ]
 [0.5034066  0.49659345]
 [0.5034067  0.49659327]
 [0.5034067  0.49659327]
 [0.50340676 0.49659327]
 [0.5034067  0.49659327]
 [0.50340664 0.49659333]
 [0.5034067  0.49659327]
 [0.5034067  0.49659333]
 [0.50340664 0.49659333]
 [0.5034065  0.49659348]
 [0.5034065  0.49659353]
 [0.5034065  0.49659353]
 [0.5034066  0.49659342]
 [0.5034065  0.4965935 ]
 [0.50340647 0.49659353]
 [0.5034066  0.49659345]
 [0.5034067  0.49659333]
 [0.50340676 0.49659327]
 [0.50340676 0.49659327]
 [0.5034067  0.49659327]
 [0.5034066  0.49659345]
 [0.50340647 0.49659353]
 [0.5034066  0.4965934 ]
 [0.50340664 0.49659333]
 [0.5034065  0.49659353]
 [0.5034065  0.49659353]
 [0.50340647 0.49659356]
 [0.5034066  0.49659345]
 [0.50340664 0.49659333]
 [0.5034066  0.49659345]
 [0.5034066  0.49659342]
 [0.5034067  0.49659327]
 [0.5034067  0.49659333]
 [0.5034066  0.4965934 ]
 [0.50340664 0.49659336]
 [0.50340664 0.4965934 ]
 [0.5034065  0.49659348]
 [0.5034065  0.49659353]
 [0.5034065  0.49659353]
 [0.5034066  0.49659345]
 [0.5034067  0.49659327]
 [0.5034067  0.49659333]
 [0.5034065  0.49659353]
 [0.5034067  0.49659327]
 [0.50340676 0.49659327]
 [0.5034065  0.49659353]
 [0.50340676 0.49659327]
 [0.5034067  0.49659327]
 [0.5034065  0.4965935 ]
 [0.50340664 0.49659336]
 [0.50340664 0.49659333]
 [0.5034067  0.49659327]
 [0.50340664 0.49659333]
 [0.50340664 0.49659333]
 [0.50340664 0.49659333]
 [0.5034067  0.49659327]
 [0.5034067  0.49659327]
 [0.5034066  0.49659342]
 [0.5034066  0.4965934 ]
 [0.5034066  0.49659342]
 [0.5034065  0.4965935 ]
 [0.5034066  0.4965934 ]
 [0.5034066  0.49659342]
 [0.50340664 0.49659333]
 [0.50340664 0.4965934 ]
 [0.50340664 0.49659336]
 [0.50340664 0.49659336]
 [0.50340664 0.4965934 ]
 [0.5034067  0.49659327]
 [0.5034066  0.49659342]
 [0.5034066  0.4965934 ]
 [0.5034067  0.49659333]
 [0.5034067  0.49659333]
 [0.5034067  0.49659327]
 [0.50340664 0.49659333]
 [0.50340664 0.49659333]
 [0.50340664 0.4965934 ]
 [0.50340647 0.49659353]
 [0.50340647 0.49659353]
 [0.5034067  0.49659327]
 [0.5034066  0.49659342]
 [0.5034066  0.4965934 ]
 [0.5034067  0.49659327]
 [0.50340664 0.4965934 ]
 [0.5034065  0.4965935 ]
 [0.5034066  0.4965934 ]
 [0.5034066  0.49659345]]