The probability labels are:
[[0.9360967  0.06390332]
 [0.9487889  0.05121108]
 [0.94438845 0.05561155]
 [0.9334075  0.06659251]
 [0.9350604  0.06493966]
 [0.93559664 0.06440338]
 [0.94536805 0.05463192]
 [0.9167318  0.08326827]
 [0.9358533  0.06414666]
 [0.9386606  0.06133942]
 [0.9310587  0.06894127]
 [0.92487377 0.07512619]
 [0.94121397 0.05878604]
 [0.94826156 0.05173848]
 [0.93506455 0.06493551]
 [0.9195837  0.08041628]
 [0.9347084  0.06529157]
 [0.94965756 0.05034246]
 [0.9459906  0.05400937]
 [0.9501815  0.04981853]
 [0.92305523 0.07694478]
 [0.9458108  0.05418915]
 [0.9379727  0.06202729]
 [0.93969476 0.0603053 ]
 [0.93647426 0.06352566]
 [0.9441071  0.05589285]
 [0.92222    0.07778001]
 [0.9468949  0.05310515]
 [0.9229685  0.07703152]
 [0.95519733 0.04480267]
 [0.94254595 0.05745408]
 [0.9245321  0.07546789]
 [0.9290751  0.07092493]
 [0.9389404  0.06105963]
 [0.9228612  0.07713883]
 [0.94347966 0.05652031]
 [0.95148236 0.04851763]
 [0.92413265 0.07586732]
 [0.9217586  0.07824139]
 [0.9283073  0.07169268]
 [0.9363128  0.06368722]
 [0.947166   0.05283398]
 [0.9329525  0.06704748]
 [0.94385964 0.05614042]
 [0.95152855 0.04847145]
 [0.93753326 0.0624667 ]
 [0.9337485  0.06625146]
 [0.91833496 0.08166506]
 [0.94468963 0.05531033]
 [0.9203469  0.07965303]
 [0.93000543 0.06999452]
 [0.9498655  0.0501345 ]
 [0.93673575 0.06326424]
 [0.9404889  0.05951115]
 [0.93066925 0.06933072]
 [0.95109314 0.04890693]
 [0.9198224  0.08017765]
 [0.94583076 0.05416927]
 [0.92668456 0.07331549]
 [0.9354678  0.0645322 ]
 [0.9474203  0.05257974]
 [0.9299012  0.07009882]
 [0.93447673 0.06552321]
 [0.9377578  0.06224224]
 [0.9451923  0.05480772]
 [0.9468356  0.05316445]
 [0.928881   0.07111902]
 [0.94909525 0.05090468]
 [0.9488744  0.05112561]
 [0.9490622  0.05093778]
 [0.9394548  0.06054521]
 [0.9472443  0.05275569]
 [0.9383419  0.06165801]
 [0.9240686  0.07593139]
 [0.9442962  0.05570378]
 [0.9467279  0.05327211]
 [0.91811436 0.08188564]
 [0.9451629  0.05483708]
 [0.94179386 0.05820608]
 [0.9217706  0.07822942]
 [0.9478638  0.0521362 ]
 [0.9402997  0.05970035]
 [0.93159306 0.06840689]
 [0.9213475  0.07865258]
 [0.93275356 0.06724644]
 [0.93856966 0.06143039]
 [0.9446819  0.0553181 ]
 [0.9430624  0.05693755]
 [0.92925066 0.07074934]
 [0.9442624  0.05573766]
 [0.9312139  0.068786  ]
 [0.9413234  0.0586766 ]
 [0.9170617  0.08293831]
 [0.9425542  0.05744579]
 [0.9290135  0.07098648]
 [0.9263668  0.07363321]
 [0.93427056 0.06572947]
 [0.93660784 0.06339222]
 [0.9389254  0.06107464]
 [0.95284843 0.04715158]
 [0.9357395  0.06426048]
 [0.93371004 0.06628995]
 [0.9421617  0.05783838]
 [0.91965127 0.0803488 ]
 [0.9407132  0.0592868 ]
 [0.94439477 0.05560527]
 [0.9447175  0.05528245]
 [0.9268709  0.0731291 ]
 [0.92663574 0.07336425]
 [0.94931793 0.05068212]
 [0.9327941  0.06720589]
 [0.94219947 0.05780052]
 [0.9380332  0.06196676]
 [0.9219665  0.0780335 ]
 [0.9359129  0.06408705]
 [0.93734556 0.06265445]
 [0.929339   0.07066098]
 [0.9467814  0.05321866]
 [0.9297451  0.0702549 ]
 [0.9322714  0.06772864]
 [0.952962   0.04703804]
 [0.9322373  0.06776267]
 [0.9268583  0.07314167]
 [0.92447984 0.07552018]
 [0.93911874 0.06088128]
 [0.92835754 0.07164243]
 [0.93762076 0.06237924]
 [0.94315475 0.05684527]
 [0.9138323  0.08616763]
 [0.9372446  0.06275543]
 [0.9431445  0.05685553]
 [0.9506188  0.04938127]
 [0.91456133 0.08543868]
 [0.92851216 0.07148782]
 [0.9319458  0.06805427]
 [0.9507459  0.04925403]
 [0.94351375 0.0564863 ]
 [0.9384703  0.06152968]
 [0.93398833 0.06601164]
 [0.9331571  0.06684289]
 [0.9310994  0.06890057]
 [0.92596495 0.0740351 ]
 [0.9484316  0.05156842]
 [0.9481148  0.05188517]
 [0.91954607 0.08045393]
 [0.9188775  0.08112252]
 [0.9502435  0.04975652]
 [0.9253241  0.0746759 ]
 [0.94292694 0.05707304]
 [0.9245315  0.07546853]
 [0.94281346 0.05718654]
 [0.940626   0.05937402]
 [0.92675316 0.07324681]
 [0.92687184 0.07312816]
 [0.93470865 0.0652914 ]
 [0.9336874  0.06631255]
 [0.9462764  0.05372356]
 [0.9483327  0.05166726]
 [0.9211169  0.07888307]
 [0.91982204 0.08017793]
 [0.9322717  0.06772832]
 [0.9521068  0.04789322]
 [0.93975925 0.06024077]
 [0.9258837  0.0741163 ]
 [0.9357228  0.06427722]
 [0.92977667 0.07022336]
 [0.9251082  0.07489182]
 [0.93954897 0.06045105]
 [0.9342532  0.06574681]
 [0.94007933 0.05992068]
 [0.93202364 0.06797635]
 [0.9260005  0.0739995 ]
 [0.93349373 0.0665063 ]
 [0.9265687  0.07343132]
 [0.91501683 0.08498319]
 [0.94755214 0.05244788]
 [0.9362917  0.06370836]
 [0.9439682  0.0560318 ]
 [0.9356637  0.06433627]
 [0.93095416 0.06904592]
 [0.9442609  0.05573909]
 [0.93171257 0.06828741]
 [0.9243977  0.07560232]
 [0.9090908  0.09090921]
 [0.90326816 0.09673187]
 [0.9137307  0.08626931]
 [0.92788136 0.07211861]
 [0.9069383  0.09306166]
 [0.8986264  0.10137361]
 [0.9138197  0.08618028]
 [0.94736946 0.05263058]
 [0.94231564 0.0576843 ]
 [0.9473927  0.05260728]
 [0.9403321  0.05966792]
 [0.91409653 0.08590352]
 [0.90390605 0.09609398]
 [0.92315274 0.07684729]
 [0.9375717  0.06242832]
 [0.91149354 0.08850648]
 [0.9008349  0.09916507]
 [0.8909797  0.10902024]
 [0.91299707 0.08700293]
 [0.93486583 0.06513423]
 [0.9242964  0.07570358]
 [0.924141   0.07585902]
 [0.9447504  0.05524956]
 [0.93859625 0.06140377]
 [0.9222232  0.07777672]
 [0.9411339  0.05886612]
 [0.927644   0.07235593]
 [0.9281809  0.07181919]
 [0.9115063  0.08849366]
 [0.90596265 0.09403731]
 [0.9184115  0.08158851]
 [0.94347364 0.05652642]
 [0.9362457  0.06375427]
 [0.9062789  0.09372113]
 [0.93682843 0.06317154]
 [0.94631624 0.05368381]
 [0.9118069  0.08819313]
 [0.9388039  0.06119613]
 [0.94347566 0.05652441]
 [0.92124647 0.07875354]
 [0.9339245  0.06607547]
 [0.9317225  0.06827746]
 [0.94406855 0.05593142]
 [0.9400119  0.05998806]
 [0.9293901  0.07060994]
 [0.9272138  0.07278624]
 [0.9345474  0.06545261]
 [0.93769854 0.06230148]
 [0.92084897 0.07915104]
 [0.9209097  0.07909024]
 [0.9138452  0.08615477]
 [0.899201   0.10079902]
 [0.9378519  0.06214814]
 [0.9333668  0.06663322]
 [0.9280701  0.07192987]
 [0.92546785 0.07453214]
 [0.9320013  0.06799874]
 [0.9281872  0.07181283]
 [0.9361312  0.06386885]
 [0.9381936  0.0618064 ]
 [0.9172911  0.08270888]
 [0.9399253  0.06007465]
 [0.9380698  0.06193018]
 [0.94614667 0.05385332]
 [0.94053054 0.05946941]
 [0.9405992  0.05940074]
 [0.93541574 0.06458429]
 [0.93122303 0.068777  ]
 [0.8996738  0.10032625]
 [0.8923123  0.10768774]
 [0.9363061  0.06369392]
 [0.92499036 0.07500961]
 [0.93413967 0.06586027]
 [0.9439926  0.05600739]
 [0.9207394  0.07926055]
 [0.9150146  0.08498536]
 [0.9263984  0.07360164]
 [0.9135517  0.08644831]]