The probability labels are:
[[0.5054575  0.49454248]
 [0.50545764 0.49454236]
 [0.5054576  0.49454242]
 [0.5054576  0.49454248]
 [0.5054575  0.49454248]
 [0.5054575  0.49454248]
 [0.50545764 0.49454236]
 [0.50545746 0.49454254]
 [0.5054576  0.49454242]
 [0.5054576  0.49454248]
 [0.5054575  0.49454248]
 [0.50545746 0.49454254]
 [0.5054576  0.49454242]
 [0.5054576  0.49454242]
 [0.5054575  0.49454248]
 [0.50545746 0.49454254]
 [0.5054576  0.49454248]
 [0.50545764 0.49454236]
 [0.50545764 0.49454242]
 [0.50545764 0.49454236]
 [0.5054575  0.49454254]
 [0.50545764 0.49454236]
 [0.5054576  0.49454248]
 [0.5054576  0.49454242]
 [0.5054576  0.49454248]
 [0.50545764 0.49454242]
 [0.50545746 0.49454254]
 [0.50545764 0.49454242]
 [0.5054575  0.49454248]
 [0.5054577  0.49454236]
 [0.5054576  0.49454248]
 [0.5054576  0.49454248]
 [0.5054575  0.49454254]
 [0.5054576  0.49454242]
 [0.5054575  0.49454254]
 [0.5054576  0.49454242]
 [0.50545764 0.49454236]
 [0.5054575  0.49454254]
 [0.5054575  0.49454248]
 [0.5054576  0.49454248]
 [0.5054575  0.49454248]
 [0.5054576  0.49454242]
 [0.5054575  0.49454248]
 [0.5054576  0.49454242]
 [0.50545764 0.49454236]
 [0.5054576  0.49454242]
 [0.5054576  0.49454248]
 [0.5054575  0.49454254]
 [0.5054576  0.49454242]
 [0.5054575  0.49454248]
 [0.5054576  0.49454248]
 [0.50545764 0.49454236]
 [0.5054576  0.49454242]
 [0.5054576  0.49454242]
 [0.5054575  0.49454254]
 [0.50545764 0.49454242]
 [0.50545746 0.49454254]
 [0.5054576  0.49454242]
 [0.5054575  0.49454248]
 [0.5054576  0.49454242]
 [0.5054576  0.49454242]
 [0.50545746 0.49454254]
 [0.5054575  0.49454248]
 [0.5054576  0.49454248]
 [0.50545764 0.49454236]
 [0.50545764 0.49454236]
 [0.5054576  0.49454248]
 [0.50545764 0.49454242]
 [0.50545764 0.49454236]
 [0.50545764 0.49454236]
 [0.5054576  0.49454248]
 [0.50545764 0.49454242]
 [0.5054576  0.49454242]
 [0.5054575  0.49454248]
 [0.50545764 0.49454242]
 [0.50545764 0.49454236]
 [0.5054575  0.49454254]
 [0.50545764 0.49454242]
 [0.5054576  0.49454248]
 [0.5054575  0.49454248]
 [0.50545764 0.49454242]
 [0.5054576  0.49454242]
 [0.5054575  0.49454254]
 [0.5054575  0.49454254]
 [0.5054575  0.49454248]
 [0.5054576  0.49454242]
 [0.5054576  0.49454242]
 [0.5054576  0.49454242]
 [0.5054575  0.49454254]
 [0.50545764 0.49454242]
 [0.5054576  0.49454248]
 [0.50545764 0.49454236]
 [0.5054575  0.49454254]
 [0.50545764 0.49454236]
 [0.5054576  0.49454242]
 [0.5054575  0.49454248]
 [0.5054576  0.49454248]
 [0.5054576  0.49454242]
 [0.5054576  0.49454242]
 [0.5054577  0.49454236]
 [0.5054576  0.49454242]
 [0.5054576  0.49454242]
 [0.5054576  0.49454242]
 [0.50545746 0.49454254]
 [0.5054576  0.49454242]
 [0.50545764 0.49454236]
 [0.50545764 0.49454242]
 [0.5054575  0.49454248]
 [0.5054575  0.49454248]
 [0.50545764 0.49454236]
 [0.5054576  0.49454248]
 [0.50545764 0.49454236]
 [0.5054576  0.49454242]
 [0.5054575  0.49454254]
 [0.5054576  0.49454248]
 [0.5054576  0.49454248]
 [0.5054575  0.49454248]
 [0.5054576  0.49454242]
 [0.5054576  0.49454248]
 [0.5054575  0.49454248]
 [0.5054577  0.49454236]
 [0.5054576  0.49454248]
 [0.5054576  0.49454248]
 [0.50545746 0.49454254]
 [0.5054576  0.49454248]
 [0.5054575  0.49454248]
 [0.5054576  0.49454242]
 [0.50545764 0.49454236]
 [0.50545746 0.49454254]
 [0.5054576  0.49454242]
 [0.50545764 0.49454236]
 [0.50545764 0.49454236]
 [0.50545746 0.49454254]
 [0.5054576  0.49454248]
 [0.5054575  0.49454248]
 [0.50545764 0.49454236]
 [0.5054576  0.49454242]
 [0.5054576  0.49454242]
 [0.5054575  0.49454248]
 [0.5054576  0.49454248]
 [0.5054575  0.49454248]
 [0.5054575  0.49454248]
 [0.50545764 0.49454236]
 [0.50545764 0.49454236]
 [0.5054575  0.49454254]
 [0.5054575  0.49454254]
 [0.50545764 0.49454236]
 [0.5054575  0.49454248]
 [0.5054576  0.49454242]
 [0.5054575  0.49454254]
 [0.50545764 0.49454236]
 [0.50545764 0.49454242]
 [0.5054575  0.49454248]
 [0.5054575  0.49454248]
 [0.5054576  0.49454248]
 [0.5054576  0.49454242]
 [0.50545764 0.49454236]
 [0.50545764 0.49454236]
 [0.5054575  0.49454248]
 [0.5054575  0.49454254]
 [0.5054576  0.49454242]
 [0.5054577  0.49454236]
 [0.5054576  0.49454242]
 [0.5054576  0.49454248]
 [0.5054576  0.49454242]
 [0.5054575  0.49454248]
 [0.5054576  0.49454248]
 [0.50545764 0.49454242]
 [0.5054576  0.49454248]
 [0.5054576  0.49454242]
 [0.5054576  0.49454248]
 [0.5054575  0.49454248]
 [0.5054576  0.49454248]
 [0.5054575  0.49454248]
 [0.50545746 0.49454254]
 [0.5054576  0.49454242]
 [0.50545746 0.49454254]
 [0.5054576  0.49454248]
 [0.5054575  0.49454248]
 [0.5054575  0.49454254]
 [0.5054576  0.49454248]
 [0.5054575  0.49454248]
 [0.50545746 0.49454254]
 [0.50545746 0.49454254]
 [0.5054574  0.4945426 ]
 [0.50545746 0.49454254]
 [0.5054575  0.49454248]
 [0.50545746 0.4945426 ]
 [0.5054574  0.49454266]
 [0.50545746 0.49454254]
 [0.5054576  0.49454242]
 [0.5054576  0.49454242]
 [0.5054576  0.49454242]
 [0.5054576  0.49454248]
 [0.50545746 0.4945426 ]
 [0.50545746 0.4945426 ]
 [0.5054575  0.49454254]
 [0.5054576  0.49454248]
 [0.50545746 0.49454254]
 [0.5054574  0.4945426 ]
 [0.5054574  0.49454263]
 [0.50545746 0.49454254]
 [0.5054575  0.49454248]
 [0.5054575  0.49454248]
 [0.50545746 0.49454254]
 [0.5054576  0.49454242]
 [0.5054576  0.49454248]
 [0.5054575  0.49454254]
 [0.5054576  0.49454242]
 [0.50545746 0.49454254]
 [0.5054575  0.49454254]
 [0.50545746 0.4945426 ]
 [0.50545746 0.4945426 ]
 [0.50545746 0.49454254]
 [0.5054576  0.49454248]
 [0.5054575  0.49454248]
 [0.5054575  0.49454248]
 [0.5054575  0.49454254]
 [0.5054576  0.49454242]
 [0.50545746 0.49454254]
 [0.5054575  0.49454248]
 [0.5054576  0.49454242]
 [0.5054575  0.49454248]
 [0.5054576  0.49454248]
 [0.5054575  0.49454254]
 [0.5054576  0.49454242]
 [0.5054575  0.49454248]
 [0.5054575  0.49454248]
 [0.50545746 0.49454254]
 [0.5054575  0.49454254]
 [0.5054575  0.49454248]
 [0.5054575  0.49454248]
 [0.50545746 0.49454254]
 [0.50545746 0.49454254]
 [0.5054574  0.4945426 ]
 [0.5054576  0.49454248]
 [0.5054575  0.49454248]
 [0.5054575  0.49454254]
 [0.5054575  0.49454248]
 [0.5054575  0.49454248]
 [0.50545746 0.49454254]
 [0.5054576  0.49454248]
 [0.5054575  0.49454248]
 [0.5054575  0.49454254]
 [0.5054576  0.49454248]
 [0.5054575  0.49454248]
 [0.5054576  0.49454242]
 [0.5054576  0.49454248]
 [0.5054576  0.49454248]
 [0.5054575  0.49454248]
 [0.5054575  0.49454248]
 [0.50545746 0.4945426 ]
 [0.5054574  0.49454263]
 [0.5054575  0.49454248]
 [0.5054575  0.49454254]
 [0.5054575  0.49454248]
 [0.5054575  0.49454248]
 [0.50545746 0.49454254]
 [0.50545746 0.49454254]
 [0.5054575  0.49454254]
 [0.50545746 0.49454254]]