The probability labels are:
[[0.11654491 0.88345504]
 [0.05202328 0.9479767 ]
 [0.3207693  0.6792307 ]
 [0.70973885 0.29026112]
 [0.13951285 0.86048716]
 [0.6939005  0.30609947]
 [0.11106277 0.88893723]
 [0.12168296 0.878317  ]
 [0.15255144 0.8474486 ]
 [0.18775494 0.8122451 ]
 [0.13094574 0.86905426]
 [0.5240456  0.4759544 ]
 [0.32095793 0.67904204]
 [0.09416348 0.9058365 ]
 [0.17522512 0.82477486]
 [0.19858898 0.80141103]
 [0.17863797 0.821362  ]
 [0.40698266 0.5930173 ]
 [0.36152846 0.63847154]
 [0.1655468  0.8344532 ]
 [0.42543873 0.57456124]
 [0.16985175 0.8301482 ]
 [0.51585793 0.48414207]
 [0.47767913 0.52232087]
 [0.9313925  0.06860746]
 [0.3233093  0.6766907 ]
 [0.28931782 0.71068215]
 [0.538009   0.46199098]
 [0.72921956 0.2707804 ]
 [0.30287784 0.6971222 ]
 [0.16552207 0.83447796]
 [0.26268637 0.7373136 ]
 [0.34433627 0.6556637 ]
 [0.6177378  0.38226217]
 [0.5476567  0.45234326]
 [0.23016483 0.76983523]
 [0.37790844 0.6220916 ]
 [0.07291123 0.9270888 ]
 [0.15894452 0.84105545]
 [0.24098189 0.75901806]
 [0.20150481 0.7984952 ]
 [0.10092552 0.8990745 ]
 [0.10092787 0.8990721 ]
 [0.8420099  0.15799011]
 [0.1222979  0.8777021 ]
 [0.76783085 0.23216918]
 [0.09319525 0.9068048 ]
 [0.13667622 0.86332375]
 [0.14278826 0.8572117 ]
 [0.19031022 0.80968976]
 [0.04237476 0.95762527]
 [0.8796296  0.1203704 ]
 [0.5039409  0.4960591 ]
 [0.04258482 0.9574152 ]
 [0.09134539 0.90865463]
 [0.17770974 0.82229024]
 [0.11934567 0.8806544 ]
 [0.21385671 0.7861433 ]
 [0.18807127 0.8119287 ]
 [0.11292674 0.8870732 ]
 [0.29326528 0.7067347 ]
 [0.26032344 0.73967654]
 [0.2555004  0.74449956]
 [0.6921199  0.3078801 ]
 [0.80884254 0.19115748]
 [0.10036761 0.8996324 ]
 [0.4707885  0.52921146]
 [0.20964254 0.7903574 ]
 [0.91555494 0.08444511]
 [0.6335681  0.36643183]
 [0.16590686 0.83409315]
 [0.38778657 0.6122134 ]
 [0.5029348  0.49706516]
 [0.85297674 0.14702329]
 [0.7865125  0.2134875 ]
 [0.38315585 0.6168442 ]
 [0.61797076 0.38202924]
 [0.17711474 0.82288533]
 [0.09699634 0.9030037 ]
 [0.408142   0.59185797]
 [0.11520018 0.8847998 ]
 [0.08785118 0.91214883]
 [0.1135726  0.8864274 ]
 [0.94767505 0.05232495]
 [0.12052455 0.87947553]
 [0.6598692  0.34013078]
 [0.08195402 0.91804594]
 [0.23773839 0.76226157]
 [0.09337126 0.9066288 ]
 [0.1636753  0.83632475]
 [0.19116518 0.80883485]
 [0.58470964 0.41529033]
 [0.44030815 0.55969185]
 [0.10926592 0.89073414]
 [0.08368474 0.91631526]
 [0.14667286 0.8533271 ]
 [0.21802737 0.7819726 ]
 [0.22175677 0.7782432 ]
 [0.30239263 0.6976074 ]
 [0.08258092 0.91741914]
 [0.26866215 0.7313379 ]
 [0.13088009 0.8691199 ]
 [0.23876336 0.7612366 ]
 [0.6250516  0.3749484 ]
 [0.9313459  0.06865415]
 [0.28549635 0.71450365]
 [0.24516389 0.75483614]
 [0.19966668 0.8003333 ]
 [0.81781036 0.18218961]
 [0.60898536 0.3910146 ]
 [0.2769027  0.7230973 ]
 [0.34476393 0.65523607]
 [0.5485658  0.45143417]
 [0.4121664  0.58783364]
 [0.59328276 0.40671727]
 [0.04897146 0.9510285 ]
 [0.6685839  0.33141607]
 [0.23060328 0.7693967 ]
 [0.19756114 0.8024388 ]
 [0.32601082 0.6739892 ]
 [0.08132995 0.91867006]
 [0.08987569 0.91012424]
 [0.20217398 0.79782605]
 [0.9406918  0.05930824]
 [0.17040065 0.8295993 ]
 [0.64962894 0.350371  ]
 [0.08165417 0.9183458 ]
 [0.15446474 0.8455353 ]
 [0.10828479 0.8917153 ]
 [0.20490846 0.79509157]
 [0.16656685 0.83343315]
 [0.86595345 0.13404652]
 [0.35504577 0.64495426]
 [0.12995279 0.8700472 ]
 [0.1268117  0.87318826]
 [0.43245435 0.5675457 ]
 [0.13658032 0.86341965]
 [0.14960079 0.8503992 ]
 [0.6175062  0.3824938 ]
 [0.21746424 0.78253573]
 [0.9751658  0.02483425]
 [0.06283617 0.93716383]
 [0.3476695  0.65233046]
 [0.86358744 0.13641252]
 [0.9546826  0.04531743]
 [0.18723354 0.81276643]
 [0.81720537 0.18279465]
 [0.3158628  0.68413717]
 [0.93380773 0.06619229]
 [0.48698014 0.5130199 ]
 [0.25135624 0.74864376]
 [0.55886817 0.4411318 ]
 [0.22011301 0.779887  ]
 [0.9030033  0.09699667]
 [0.7738681  0.22613187]
 [0.09222011 0.90777993]
 [0.6830759  0.31692404]
 [0.15571292 0.84428704]
 [0.2608951  0.7391049 ]
 [0.37055397 0.629446  ]
 [0.17360677 0.82639325]
 [0.06133464 0.93866533]
 [0.12370125 0.8762987 ]
 [0.9642771  0.03572288]
 [0.17900184 0.8209982 ]
 [0.80949974 0.1905002 ]
 [0.06229075 0.9377092 ]
 [0.11283351 0.8871665 ]
 [0.08103785 0.9189621 ]
 [0.05875617 0.9412438 ]
 [0.14514317 0.8548568 ]
 [0.86938274 0.13061722]
 [0.75830966 0.24169034]
 [0.11515562 0.8848444 ]
 [0.03818751 0.96181244]
 [0.20557018 0.7944298 ]
 [0.13653626 0.86346376]
 [0.292636   0.707364  ]
 [0.5402582  0.4597418 ]
 [0.1174263  0.8825737 ]
 [0.6367371  0.36326292]
 [0.0976895  0.90231043]
 [0.18978615 0.8102138 ]
 [0.8607878  0.1392122 ]
 [0.90706736 0.09293257]
 [0.18896423 0.8110358 ]
 [0.57397664 0.4260234 ]
 [0.6856769  0.31432313]
 [0.9345929  0.06540706]
 [0.37061527 0.6293847 ]
 [0.08694552 0.9130545 ]
 [0.57539934 0.4246007 ]
 [0.5795281  0.42047188]
 [0.77495074 0.22504921]
 [0.53020996 0.46979   ]
 [0.18471171 0.8152883 ]
 [0.63464344 0.3653566 ]
 [0.18228415 0.8177159 ]
 [0.7263113  0.27368873]
 [0.14832145 0.85167855]
 [0.233648   0.76635194]
 [0.1653461  0.8346539 ]
 [0.10270949 0.8972906 ]
 [0.9227665  0.07723358]
 [0.10060716 0.89939284]
 [0.8824258  0.11757419]
 [0.12787272 0.87212723]
 [0.20239608 0.79760396]
 [0.06927101 0.930729  ]
 [0.12276072 0.87723935]
 [0.05094738 0.94905263]
 [0.91195035 0.08804969]
 [0.69926184 0.30073813]
 [0.0735113  0.92648864]
 [0.1427245  0.8572755 ]
 [0.18540773 0.8145923 ]
 [0.07460143 0.92539865]
 [0.42558545 0.57441455]
 [0.48657632 0.5134237 ]
 [0.03684674 0.96315324]
 [0.95477563 0.04522437]
 [0.09945561 0.9005444 ]
 [0.19613084 0.8038692 ]
 [0.9644028  0.03559717]
 [0.8573797  0.14262033]
 [0.48628974 0.51371026]
 [0.51197714 0.48802283]
 [0.691301   0.30869898]
 [0.90624195 0.09375801]
 [0.5505405  0.4494595 ]
 [0.05218722 0.94781286]
 [0.3169742  0.6830258 ]
 [0.46021828 0.53978175]
 [0.7947201  0.20527981]
 [0.9631842  0.03681582]
 [0.12026031 0.87973964]
 [0.85948735 0.14051265]
 [0.3318454  0.6681546 ]
 [0.75307107 0.24692896]
 [0.22993533 0.7700646 ]
 [0.06050768 0.93949234]
 [0.00603934 0.9939606 ]
 [0.1034246  0.89657545]
 [0.55228055 0.44771948]
 [0.02851784 0.9714822 ]
 [0.31330848 0.6866915 ]
 [0.00672091 0.99327904]
 [0.01212667 0.98787326]
 [0.04024102 0.95975894]
 [0.02064702 0.979353  ]
 [0.09906441 0.90093565]
 [0.27068767 0.7293123 ]
 [0.1378737  0.8621263 ]
 [0.00449293 0.995507  ]
 [0.02305413 0.9769458 ]
 [0.08974933 0.91025066]
 [0.00335102 0.99664897]
 [0.09169978 0.9083003 ]
 [0.05138887 0.94861114]
 [0.00748571 0.9925143 ]
 [0.02805328 0.9719468 ]
 [0.03922474 0.9607753 ]
 [0.01318678 0.9868132 ]
 [0.31686664 0.68313336]
 [0.03947042 0.96052957]
 [0.06389175 0.93610823]
 [0.05731747 0.94268256]
 [0.1548753  0.8451247 ]
 [0.14693552 0.8530645 ]
 [0.07226963 0.92773044]
 [0.00611845 0.9938816 ]
 [0.08799121 0.9120088 ]
 [0.08114708 0.9188529 ]
 [0.02916293 0.97083706]
 [0.2260414  0.7739586 ]
 [0.0340367  0.9659633 ]
 [0.03404313 0.96595687]
 [0.03717035 0.96282965]
 [0.04308862 0.95691144]
 [0.08333184 0.9166681 ]
 [0.07050716 0.92949283]
 [0.02102047 0.97897947]
 [0.08963479 0.9103653 ]
 [0.6101297  0.3898703 ]
 [0.06449729 0.9355027 ]
 [0.03506135 0.96493864]
 [0.04176097 0.95823896]
 [0.04129373 0.95870626]
 [0.0492734  0.9507266 ]
 [0.01342325 0.9865768 ]
 [0.0360342  0.96396583]
 [0.32255045 0.6774496 ]
 [0.0086232  0.99137676]
 [0.00877893 0.9912211 ]
 [0.00319878 0.99680126]
 [0.06240929 0.9375907 ]
 [0.00919793 0.9908021 ]
 [0.01109181 0.98890823]
 [0.07815772 0.9218423 ]
 [0.01397049 0.98602957]
 [0.03092809 0.96907187]
 [0.021232   0.97876805]
 [0.01679993 0.9832001 ]
 [0.17471072 0.82528925]
 [0.10837717 0.89162284]
 [0.01672322 0.98327684]
 [0.12718925 0.8728108 ]
 [0.16519505 0.834805  ]
 [0.10587931 0.8941207 ]
 [0.0505821  0.94941795]
 [0.10770799 0.89229196]
 [0.19226362 0.8077364 ]
 [0.17970397 0.82029605]
 [0.01634741 0.9836526 ]
 [0.06711061 0.9328894 ]
 [0.09091613 0.9090839 ]
 [0.3463906  0.65360934]
 [0.03102238 0.96897763]
 [0.04226727 0.9577328 ]
 [0.01095807 0.989042  ]
 [0.01158759 0.98841244]
 [0.022026   0.977974  ]
 [0.10680308 0.89319694]
 [0.45497525 0.54502475]
 [0.02930316 0.97069687]
 [0.42188078 0.5781192 ]
 [0.01885112 0.9811489 ]
 [0.00755802 0.992442  ]
 [0.00876091 0.99123913]
 [0.01210458 0.98789537]
 [0.05129302 0.9487069 ]
 [0.07830925 0.92169076]
 [0.00596335 0.9940367 ]
 [0.02325769 0.9767423 ]
 [0.00602055 0.99397945]
 [0.02586504 0.9741349 ]
 [0.02395385 0.97604614]
 [0.00795312 0.99204695]
 [0.17406675 0.8259333 ]
 [0.06982038 0.9301796 ]
 [0.23783608 0.76216394]
 [0.02396073 0.9760393 ]
 [0.11951651 0.88048357]
 [0.0985592  0.9014408 ]
 [0.24940573 0.7505942 ]
 [0.01954834 0.98045164]
 [0.16672365 0.83327633]
 [0.03327901 0.96672094]
 [0.49468878 0.50531125]
 [0.13697416 0.86302584]
 [0.004909   0.99509096]
 [0.06467973 0.93532026]
 [0.11065042 0.88934964]
 [0.08805077 0.9119492 ]
 [0.06430117 0.9356988 ]
 [0.00915785 0.9908421 ]
 [0.07073623 0.9292638 ]
 [0.08844859 0.91155136]
 [0.05085397 0.9491461 ]
 [0.05600551 0.9439945 ]]